,Month_year,CollectionDate,Country,Location,Transect ,TransectNum,TagNum,SampleNum,Species,Sample_type,Health_status,Field_Pro_Treatment_Group,Time_sampled,Time_processed,Sampling_notes,Tubelabel_species,Sample_physical_location,Extraction_physical_location,Date_sequenced,Notes
1,032024,3/2/24,COL,SAN,NIRVANA,1,70,001,MCAV,Core_RNAlater,Healthy,,1044,1140,,032024_COL_SAN_T1_001_MCAV,UML_Narwhal_R5_B20,,,
2,032024,3/2/24,COL,SAN,NIRVANA,1,69,002,MCAV,Core_RNAlater,Healthy,,1053,1140,,032024_COL_SAN_T1_002_MCAV,UML_Narwhal_R5_B20,,,
3,032024,3/2/24,COL,SAN,NIRVANA,1,68,003,MCAV,Core_RNAlater,Healthy,,1108,1140,,032024_COL_SAN_T1_003_MCAV,UML_Narwhal_R5_B20,,,
4,032024,3/2/24,COL,SAN,NIRVANA,1,57,004,DLAB,Core_RNAlater,Healthy,,1101,1145,,032024_COL_SAN_T1_004_DLAB,UML_Narwhal_R5_B20,,,
5,032024,3/2/24,COL,SAN,NIRVANA,1,56,005,DLAB,Core_RNAlater,Healthy,,1101,1145,,032024_COL_SAN_T1_005_DLAB,UML_Narwhal_R5_B20,,,
6,032024,3/2/24,COL,SAN,NIRVANA,1,55,006,PSTR,Core_RNAlater,Healthy,,1101,1147,,032024_COL_SAN_T1_006_PSTR,UML_Narwhal_R5_B20,,,
7,032024,3/2/24,COL,SAN,NIRVANA,1,16,007,OFAV,Core_RNAlater,Healthy,,1109,1158,,032024_COL_SAN_T1_007_OFAV,UML_Narwhal_R5_B20,,,
8,032024,3/2/24,COL,SAN,NIRVANA,1,17,008,OFAV,Core_RNAlater,Healthy,,1121,1158,,032024_COL_SAN_T1_008_OFAV,UML_Narwhal_R5_B20,,,
9,032024,3/2/24,COL,SAN,NIRVANA,1,18,009,OFAV,Core_RNAlater,Healthy,,1133,1158,,032024_COL_SAN_T1_009_OFAV,UML_Narwhal_R5_B20,,,
10,032024,3/2/24,COL,SAN,NIRVANA,1,19,010,OFAV,Core_RNAlater,Healthy,,1146,1201,,032024_COL_SAN_T1_010_OFAV,UML_Narwhal_R5_B20,,,
11,032024,3/2/24,COL,SAN,NIRVANA,1,20,011,OFAV,Core_RNAlater,Healthy,,1303,1400,,032024_COL_SAN_T1_011_OFAV,UML_Narwhal_R5_B20,,,
12,032024,3/2/24,COL,SAN,NIRVANA,1,21,012,OFAV,Core_RNAlater,Healthy,,1324,1400,,032024_COL_SAN_T1_012_OFAV,UML_Narwhal_R5_B20,,,
13,032024,3/2/24,COL,SAN,NIRVANA,1,22,013,OFAV,Core_RNAlater,Healthy,,1339,1400,,032024_COL_SAN_T1_013_OFAV,UML_Narwhal_R5_B20,,,
14,032024,3/2/24,COL,SAN,NIRVANA,1,24,014,OFAV,Core_RNAlater,Healthy,,1351,1400,,032024_COL_SAN_T1_014_OFAV,UML_Narwhal_R5_B20,,,
15,032024,3/2/24,COL,SAN,NIRVANA,1,67,015,MCAV,Core_RNAlater,Healthy,,1241,1406,,032024_COL_SAN_T1_015_MCAV,UML_Narwhal_R5_B20,,,
16,032024,3/2/24,COL,SAN,NIRVANA,1,66,016,MCAV,Core_RNAlater,Healthy,,1241,1406,,032024_COL_SAN_T1_016_MCAV,UML_Narwhal_R5_B20,,,
17,032024,3/2/24,COL,SAN,NIRVANA,1,54,017,DLAB,Core_RNAlater,Healthy,,1237,1409,,032024_COL_SAN_T1_017_DLAB,UML_Narwhal_R5_B20,,,
18,032024,3/2/24,COL,SAN,NIRVANA,1,53,018,DLAB,Core_RNAlater,Healthy,,1237,1409,,032024_COL_SAN_T1_018_DLAB,UML_Narwhal_R5_B20,,,
19,032024,3/2/24,COL,SAN,NIRVANA,1,52,019,DLAB,Core_RNAlater,Healthy,,1237,1411,,032024_COL_SAN_T1_019_DLAB,UML_Narwhal_R5_B20,,,
20,032024,3/2/24,COL,SAN,NIRVANA,1,51,020,PSTR,Core_RNAlater,Healthy,,1304,1412,,032024_COL_SAN_T1_020_PSTR,UML_Narwhal_R5_B20,,,
21,032024,3/2/24,COL,SAN,NIRVANA,1,50,021,DLAB,Core_RNAlater,Healthy,,1304,1413,,032024_COL_SAN_T1_021_DLAB,UML_Narwhal_R5_B20,,,
22,032024,3/2/24,COL,SAN,NIRVANA,1,49,022,DLAB,Core_RNAlater,Healthy,,1304,1413,,032024_COL_SAN_T1_022_DLAB,UML_Narwhal_R5_B20,,,
23,032024,3/2/24,COL,SAN,NIRVANA,1,30,023,DLAB,Core_RNAlater,Healthy,,1347,1413,,032024_COL_SAN_T1_023_DLAB,UML_Narwhal_R5_B20,,,
24,032024,3/2/24,COL,SAN,NIRVANA,1,31,024,DLAB,Core_RNAlater,Healthy,,1352,1416,,032024_COL_SAN_T1_024_DLAB,UML_Narwhal_R5_B20,,,
25,032024,3/2/24,COL,SAN,NIRVANA,1,65,025,MCAV,Core_RNAlater,Healthy,,1401,1512,,032024_COL_SAN_T1_025_MCAV,UML_Narwhal_R5_B20,,,
26,032024,3/2/24,COL,SAN,NIRVANA,1,64,026,MCAV,Core_RNAlater,Healthy,,1408,1512,,032024_COL_SAN_T1_026_MCAV,UML_Narwhal_R5_B20,,,
27,032024,3/2/24,COL,SAN,NIRVANA,1,63,027,MCAV,Core_RNAlater,Healthy,,1415,1513,,032024_COL_SAN_T1_027_MCAV,UML_Narwhal_R5_B20,,,
28,032024,3/2/24,COL,SAN,NIRVANA,1,62,028,MCAV,Core_RNAlater,Healthy,,1426,1514,,032024_COL_SAN_T1_028_MCAV,UML_Narwhal_R5_B20,,,
29,032024,3/2/24,COL,SAN,NIRVANA,1,61,029,MCAV,Core_RNAlater,Healthy,,1430,1515,,032024_COL_SAN_T1_029_MCAV,UML_Narwhal_R5_B20,,,
30,032024,3/2/24,COL,SAN,NIRVANA,1,25,030,OFAV,Core_RNAlater,Healthy,,1537,1400,,032024_COL_SAN_T1_030_OFAV,UML_Narwhal_R5_B20,,,
31,032024,3/2/24,COL,SAN,NIRVANA,1,23,031,OFAV,Core_RNAlater,Healthy,,1523,1400,taken with hands??,032024_COL_SAN_T1_031_OFAV,UML_Narwhal_R5_B20,,,
32,032024,3/2/24,COL,SAN,NIRVANA,1,26,032,DLAB,Core_RNAlater,Healthy,,1543,1400,,032024_COL_SAN_T1_032_DLAB,UML_Narwhal_R5_B20,,,
33,032024,3/4/24,COL,SAN,PUNTAPADI,2,50,33,OFAV,Core_RNAlater,Healthy,,1050,1129,,032024_COL_SAN_T2_33_OFAV,UML_Narwhal_R5_B20,,,
34,032024,3/4/24,COL,SAN,PUNTAPADI,2,51,34,OFAV,Core_RNAlater,Healthy,,1109,1130,,032024_COL_SAN_T2_34_OFAV,UML_Narwhal_R5_B20,,,
35,032024,3/4/24,COL,SAN,PUNTAPADI,2,52,35,OFAV,Core_RNAlater,Healthy,,1111,1131,,032024_COL_SAN_T2_35_OFAV,UML_Narwhal_R5_B20,,,
36,032024,3/4/24,COL,SAN,PUNTAPADI,2,39,36,MCAV,Core_RNAlater,Healthy,,1043,1132,,032024_COL_SAN_T2_36_MCAV,UML_Narwhal_R5_B20,,,
37,032024,3/4/24,COL,SAN,PUNTAPADI,2,40,37,MCAV,Core_RNAlater,Healthy,,1054,1137,,032024_COL_SAN_T2_37_MCAV,UML_Narwhal_R5_B20,,,
38,032024,3/4/24,COL,SAN,PUNTAPADI,2,93,038,DLAB,Core_RNAlater,Healthy,,1049,1140,,032024_COL_SAN_T2_038_DLAB,UML_Narwhal_R5_B20,,,
39,032024,3/4/24,COL,SAN,PUNTAPADI,2,93,039,DLAB,Core_RNAlater,Healthy,,1049,1140,,032024_COL_SAN_T2_039_DLAB,UML_Narwhal_R5_B20,,,
40,032024,3/4/24,COL,SAN,PUNTAPADI,2,92,040,DLAB,Core_RNAlater,Healthy,,1051,1143,,032024_COL_SAN_T2_040_DLAB,UML_Narwhal_R5_B20,,,
41,032024,3/4/24,COL,SAN,PUNTAPADI,2,91,041,DLAB,Core_RNAlater,Healthy,,1056,1149,,032024_COL_SAN_T2_041_DLAB,UML_Narwhal_R5_B20,,,
42,032024,3/4/24,COL,SAN,PUNTAPADI,2,38,42,MCAV,Core_RNAlater,Healthy,,1216,1329,,032024_COL_SAN_T2_42_MCAV,UML_Narwhal_R5_B20,,,
43,032024,3/4/24,COL,SAN,PUNTAPADI,2,41,43,MCAV,Core_RNAlater,Healthy,,1225,1329,,032024_COL_SAN_T2_43_MCAV,UML_Narwhal_R5_B20,,,
44,032024,3/4/24,COL,SAN,PUNTAPADI,2,42,44,MCAV,Core_RNAlater,Healthy,,1230,1330,,032024_COL_SAN_T2_44_MCAV,UML_Narwhal_R5_B20,,,
45,032024,3/4/24,COL,SAN,PUNTAPADI,2,43,45,MCAV,Core_RNAlater,Healthy,,1236,1330,,032024_COL_SAN_T2_45_MCAV,UML_Narwhal_R5_B20,,,
46,032024,3/4/24,COL,SAN,PUNTAPADI,2,44,46,MCAV,Core_RNAlater,Healthy,,1242,1334,,032024_COL_SAN_T2_46_MCAV,UML_Narwhal_R5_B20,,,
47,032024,3/4/24,COL,SAN,PUNTAPADI,2,53,47,OFAV,Core_RNAlater,Healthy,,1218,1334,,032024_COL_SAN_T2_47_OFAV,UML_Narwhal_R5_B20,,,
48,032024,3/4/24,COL,SAN,PUNTAPADI,2,54,48,OFAV,Core_RNAlater,Healthy,,1306,1335,,032024_COL_SAN_T2_48_OFAV,UML_Narwhal_R5_B20,,,
49,032024,3/4/24,COL,SAN,PUNTAPADI,2,55,49,OFAV,Core_RNAlater,Healthy,,1312,1335,,032024_COL_SAN_T2_49_OFAV,UML_Narwhal_R5_B20,,,
50,032024,3/4/24,COL,SAN,PUNTAPADI,2,90,050,DLAB,Core_RNAlater,Healthy,,1309,1338,,032024_COL_SAN_T2_050_DLAB,UML_Narwhal_R5_B20,,,
51,032024,3/4/24,COL,SAN,PUNTAPADI,2,89,051,DLAB,Core_RNAlater,Healthy,,1313,1338,,032024_COL_SAN_T2_051_DLAB,UML_Narwhal_R5_B20,,,
52,032024,3/4/24,COL,SAN,PUNTAPADI,2,45,52,MCAV,Core_RNAlater,Healthy,,1450,1400,,032024_COL_SAN_T2_52_MCAV,UML_Narwhal_R5_B20,,,
53,032024,3/4/24,COL,SAN,PUNTAPADI,2,46,53,MCAV,Core_RNAlater,Healthy,,1458,1400,,032024_COL_SAN_T2_53_MCAV,UML_Narwhal_R5_B20,,,
54,032024,3/4/24,COL,SAN,PUNTAPADI,2,47,54,MCAV,Core_RNAlater,Healthy,,1505,1401,,032024_COL_SAN_T2_54_MCAV,UML_Narwhal_R5_B20,,,
55,032024,3/4/24,COL,SAN,PUNTAPADI,2,48,55,MCAV,Core_RNAlater,Healthy,,1506,1401,,032024_COL_SAN_T2_55_MCAV,UML_Narwhal_R5_B20,,,
56,032024,3/4/24,COL,SAN,PUNTAPADI,2,56,78,OFAV,Core_RNAlater,Healthy,,1459,1550,,032024_COL_SAN_T2_78_OFAV,UML_Narwhal_R5_B20,,,
57,032024,3/4/24,COL,SAN,PUNTAPADI,2,57,79,OFAV,Core_RNAlater,Healthy,,1514,1550,,032024_COL_SAN_T2_79_OFAV,UML_Narwhal_R5_B20,,,
58,032024,3/4/24,COL,SAN,PUNTAPADI,2,58,80,OFAV,Core_RNAlater,Healthy,,1522,1552,,032024_COL_SAN_T2_80_OFAV,UML_Narwhal_R5_B20,,,
59,032024,3/4/24,COL,SAN,PUNTAPADI,2,26,081,DLAB,Core_RNAlater,Healthy,,1502,1554,,032024_COL_SAN_T2_081_DLAB,UML_Narwhal_R5_B20,,,
60,032024,3/4/24,COL,SAN,PUNTAPADI,2,27,082,DLAB,Core_RNAlater,Healthy,,1512,1554,,032024_COL_SAN_T2_082_DLAB,UML_Narwhal_R5_B20,,,
61,032024,3/5/24,COL,SAN,ROCOSA,3,91,056,MCAV,Core_RNAlater,Healthy,,1009,1120,,032024_COL_SAN_T3_056_MCAV,UML_Narwhal_R5_B21,,,
62,032024,3/5/24,COL,SAN,ROCOSA,3,92,057,MCAV,Core_RNAlater,Healthy,,1015,1121,,032024_COL_SAN_T3_057_MCAV,UML_Narwhal_R5_B21,,,
63,032024,3/5/24,COL,SAN,ROCOSA,3,93,058,MCAV,Core_RNAlater,Healthy,,1035,1122,,032024_COL_SAN_T3_058_MCAV,UML_Narwhal_R5_B21,,,
64,032024,3/5/24,COL,SAN,ROCOSA,3,94,059,MCAV,Core_RNAlater,Healthy,,1040,1123,,032024_COL_SAN_T3_059_MCAV,UML_Narwhal_R5_B21,,,
65,032024,3/5/24,COL,SAN,ROCOSA,3,27,060,DLAB,Core_RNAlater,Healthy,,1023,1124,,032024_COL_SAN_T3_060_DLAB,UML_Narwhal_R5_B21,,,
66,032024,3/5/24,COL,SAN,ROCOSA,3,28,061,DLAB,Core_RNAlater,Healthy,,1030,1126,,032024_COL_SAN_T3_061_DLAB,UML_Narwhal_R5_B21,,,
67,032024,3/5/24,COL,SAN,ROCOSA,3,29,062,DLAB,Core_RNAlater,Healthy,,1052,1127,,032024_COL_SAN_T3_062_DLAB,UML_Narwhal_R5_B21,,,
68,032024,3/5/24,COL,SAN,ROCOSA,3,30,063,DLAB,Core_RNAlater,Healthy,,1058,1128,,032024_COL_SAN_T3_063_DLAB,UML_Narwhal_R5_B21,,,
69,032024,3/5/24,COL,SAN,ROCOSA,3,31,064,PSTR,Core_RNAlater,Healthy,,1100,1129,,032024_COL_SAN_T3_064_PSTR,UML_Narwhal_R5_B21,,,
70,032024,3/5/24,COL,SAN,ROCOSA,3,58,065,OFAV,Core_RNAlater,Healthy,,1020,1324,,032024_COL_SAN_T3_065_OFAV,UML_Narwhal_R5_B21,,,
71,032024,3/5/24,COL,SAN,ROCOSA,3,59,066,OFAV,Core_RNAlater,Healthy,,1030,1325,,032024_COL_SAN_T3_066_OFAV,UML_Narwhal_R5_B21,,,
72,032024,3/5/24,COL,SAN,ROCOSA,3,60,067,OFAV,Core_RNAlater,Healthy,,1040,1326,,032024_COL_SAN_T3_067_OFAV,UML_Narwhal_R5_B21,,,
73,032024,3/5/24,COL,SAN,ROCOSA,3,61,068,OFAV,Core_RNAlater,Healthy,,1052,1327,,032024_COL_SAN_T3_068_OFAV,UML_Narwhal_R5_B21,,,
74,032024,3/5/24,COL,SAN,ROCOSA,3,63,069,OFAV,Core_RNAlater,Healthy,,1102,1328,,032024_COL_SAN_T3_069_OFAV,UML_Narwhal_R5_B21,,,
75,032024,3/5/24,COL,SAN,ROCOSA,3,98,071,MCAV,Core_RNAlater,Healthy,,1218,1308,,032024_COL_SAN_T3_071_MCAV,UML_Narwhal_R5_B21,,,
76,032024,3/5/24,COL,SAN,ROCOSA,3,99,072,MCAV,Core_RNAlater,Healthy,,1230,1309,,032024_COL_SAN_T3_072_MCAV,UML_Narwhal_R5_B21,,,
77,032024,3/5/24,COL,SAN,ROCOSA,3,100,073,MCAV,Core_RNAlater,Healthy,,1234,1310,,032024_COL_SAN_T3_073_MCAV,UML_Narwhal_R5_B21,,,
78,032024,3/5/24,COL,SAN,ROCOSA,3,64,074,OFAV,Core_RNAlater,Healthy,,1210,1329,,032024_COL_SAN_T3_074_OFAV,UML_Narwhal_R5_B21,,,
79,032024,3/5/24,COL,SAN,ROCOSA,3,65,075,OFAV,Core_RNAlater,Healthy,,1224,1330,,032024_COL_SAN_T3_075_OFAV,UML_Narwhal_R5_B21,,,
80,032024,3/5/24,COL,SAN,ROCOSA,3,66,076,OFAV,Core_RNAlater,Healthy,,1238,1331,,032024_COL_SAN_T3_076_OFAV,UML_Narwhal_R5_B21,,,
81,032024,3/5/24,COL,SAN,ROCOSA,3,67,077,OFAV,Core_RNAlater,Healthy,,1212,1332,,032024_COL_SAN_T3_077_OFAV,UML_Narwhal_R5_B21,,,
82,032024,3/5/24,COL,SAN,ROCOSA,3,68,083,OFAV,Core_RNAlater,Healthy,,1305,1333,,032024_COL_SAN_T3_083_OFAV,UML_Narwhal_R5_B21,,,
83,032024,3/5/24,COL,SAN,ROCOSA,3,32,084,DLAB,Core_RNAlater,Healthy,,1220,1318,,032024_COL_SAN_T3_084_DLAB,UML_Narwhal_R5_B21,,,
84,032024,3/5/24,COL,SAN,ROCOSA,3,33,085,CNAT,Core_RNAlater,Healthy,,1225,1319,,032024_COL_SAN_T3_085_CNAT,UML_Narwhal_R5_B21,,,
85,032024,3/5/24,COL,SAN,ROCOSA,3,34,086,DLAB,Core_RNAlater,Healthy,,1246,1320,,032024_COL_SAN_T3_086_DLAB,UML_Narwhal_R5_B21,,,
86,032024,3/5/24,COL,SAN,ROCOSA,3,35,087,CNAT,Core_RNAlater,Healthy,,1250,1321,,032024_COL_SAN_T3_087_CNAT,UML_Narwhal_R5_B21,,,
87,032024,3/5/24,COL,SAN,ROCOSA,3,36,088,CNAT,Core_RNAlater,Healthy,,1255,1322,,032024_COL_SAN_T3_088_CNAT,UML_Narwhal_R5_B21,,,
88,032024,3/5/24,COL,SAN,ROCOSA,3,15,089,MCAV,Core_RNAlater,Healthy,,1334,1311,,032024_COL_SAN_T3_089_MCAV,UML_Narwhal_R5_B21,,,
89,032024,3/5/24,COL,SAN,ROCOSA,3,16,090,MCAV,Core_RNAlater,Healthy,,1341,1312,,032024_COL_SAN_T3_090_MCAV,UML_Narwhal_R5_B21,,,
90,032024,3/5/24,COL,SAN,ROCOSA,3,95,091,MCAV,Core_RNAlater,Healthy,,1350,1410,,032024_COL_SAN_T3_091_MCAV,UML_Narwhal_R5_B21,,,
91,032024,3/6/24,COL,SAN,PLAZADETOROS,4,17,92,MCAV,Core_RNAlater,Healthy,,1009,1121,,032024_COL_SAN_T4_92_MCAV,UML_Narwhal_R5_B21,,,
92,032024,3/6/24,COL,SAN,PLAZADETOROS,4,18,93,MCAV,Core_RNAlater,Healthy,,1020,1122,,032024_COL_SAN_T4_93_MCAV,UML_Narwhal_R5_B21,,,
93,032024,3/6/24,COL,SAN,PLAZADETOROS,4,19,94,MCAV,Core_RNAlater,Healthy,,1028,1123,,032024_COL_SAN_T4_94_MCAV,UML_Narwhal_R5_B21,,,
94,032024,3/6/24,COL,SAN,PLAZADETOROS,4,20,95,MCAV,Core_RNAlater,Healthy,,1035,1123,,032024_COL_SAN_T4_95_MCAV,UML_Narwhal_R5_B21,,,
95,032024,3/6/24,COL,SAN,PLAZADETOROS,4,21,96,MCAV,Core_RNAlater,Healthy,,1045,1123,,032024_COL_SAN_T4_96_MCAV,UML_Narwhal_R5_B21,,,
96,032024,3/6/24,COL,SAN,PLAZADETOROS,4,88,97,OFAV,Core_RNAlater,Healthy,,1021,1130,,032024_COL_SAN_T4_97_OFAV,UML_Narwhal_R5_B21,,,
97,032024,3/6/24,COL,SAN,PLAZADETOROS,4,89,98,OFAV,Core_RNAlater,Healthy,,1030,1131,,032024_COL_SAN_T4_98_OFAV,UML_Narwhal_R5_B21,,,
98,032024,3/6/24,COL,SAN,PLAZADETOROS,4,90,99,OFAV,Core_RNAlater,Healthy,,1042,1131,,032024_COL_SAN_T4_99_OFAV,UML_Narwhal_R5_B21,,,
99,032024,3/6/24,COL,SAN,PLAZADETOROS,4,91,100,OFAV,Core_RNAlater,Healthy,,1056,1131,,032024_COL_SAN_T4_100_OFAV,UML_Narwhal_R5_B21,,,
100,032024,3/6/24,COL,SAN,PLAZADETOROS,4,92,101,OFAV,Core_RNAlater,Healthy,,1600,1139,,032024_COL_SAN_T4_101_OFAV,UML_Narwhal_R5_B21,,,
101,032024,3/6/24,COL,SAN,PLAZADETOROS,4,63,102,CNAT,Core_RNAlater,Healthy,,1030,1136,,032024_COL_SAN_T4_102_CNAT,UML_Narwhal_R5_B21,,,
102,032024,3/6/24,COL,SAN,PLAZADETOROS,4,64,103,DLAB,Core_RNAlater,Healthy,,1037,1137,,032024_COL_SAN_T4_103_DLAB,UML_Narwhal_R5_B21,,,
103,032024,3/6/24,COL,SAN,PLAZADETOROS,4,65,104,DLAB,Core_RNAlater,Healthy,,1039,1137,,032024_COL_SAN_T4_104_DLAB,UML_Narwhal_R5_B21,,,
104,032024,3/6/24,COL,SAN,PLAZADETOROS,4,65,105,DLAB,Core_RNAlater,Healthy,,1039,1137,,032024_COL_SAN_T4_105_DLAB,UML_Narwhal_R5_B21,,,
105,032024,3/6/24,COL,SAN,PLAZADETOROS,4,66,106,DLAB,Core_RNAlater,Healthy,,1047,1145,,032024_COL_SAN_T4_106_DLAB,UML_Narwhal_R5_B21,,,
106,032024,3/6/24,COL,SAN,PLAZADETOROS,4,67,107,PSTR,Core_RNAlater,Healthy,,1053,1146,,032024_COL_SAN_T4_107_PSTR,UML_Narwhal_R5_B21,,,
107,032024,3/6/24,COL,SAN,PLAZADETOROS,4,68,108,DLAB,Core_RNAlater,Healthy,,1101,1146,,032024_COL_SAN_T4_108_DLAB,UML_Narwhal_R5_B21,,,
108,032024,3/6/24,COL,SAN,PLAZADETOROS,4,69,109,MCAV,Core_RNAlater,Healthy,,1102,1147,,032024_COL_SAN_T4_109_MCAV,UML_Narwhal_R5_B21,,,
109,032024,3/6/24,COL,SAN,PLAZADETOROS,4,70,110,DLAB,Core_RNAlater,Healthy,,1106,1150,,032024_COL_SAN_T4_110_DLAB,UML_Narwhal_R5_B21,,,
110,032024,3/6/24,COL,SAN,PLAZADETOROS,4,71,111,CNAT,Core_RNAlater,Healthy,,,1150,,032024_COL_SAN_T4_111_CNAT,UML_Narwhal_R5_B21,,,
111,032024,3/6/24,COL,SAN,PLAZADETOROS,4,55,112,PSTR,Core_RNAlater,Healthy,,1252,1343,,032024_COL_SAN_T4_112_PSTR,UML_Narwhal_R5_B21,,,
112,032024,3/6/24,COL,SAN,PLAZADETOROS,4,56,113,PSTR,Core_RNAlater,Healthy,,1258,1344,,032024_COL_SAN_T4_113_PSTR,UML_Narwhal_R5_B21,,,
113,032024,3/6/24,COL,SAN,PLAZADETOROS,4,57,114,PSTR,Core_RNAlater,Healthy,,1310,1349,,032024_COL_SAN_T4_114_PSTR,UML_Narwhal_R5_B21,,,
114,032024,3/6/24,COL,SAN,PLAZADETOROS,4,22,115,MCAV,Core_RNAlater,Healthy,,1211,1346,,032024_COL_SAN_T4_115_MCAV,UML_Narwhal_R5_B21,,,
115,032024,3/6/24,COL,SAN,PLAZADETOROS,4,23,116,MCAV,Core_RNAlater,Healthy,,1230,1346,,032024_COL_SAN_T4_116_MCAV,UML_Narwhal_R5_B21,,,
116,032024,3/6/24,COL,SAN,PLAZADETOROS,4,24,117,MCAV,Core_RNAlater,Healthy,,1234,1346,,032024_COL_SAN_T4_117_MCAV,UML_Narwhal_R5_B21,,,
117,032024,3/6/24,COL,SAN,PLAZADETOROS,4,25,118,MCAV,Core_RNAlater,Healthy,,1244,1346,,032024_COL_SAN_T4_118_MCAV,UML_Narwhal_R5_B21,,,
118,032024,3/6/24,COL,SAN,PLAZADETOROS,4,93,119,OFAV,Core_RNAlater,Healthy,,1228,1351,,032024_COL_SAN_T4_119_OFAV,UML_Narwhal_R5_B21,,,
119,032024,3/6/24,COL,SAN,PLAZADETOROS,4,94,120,OFAV,Core_RNAlater,Healthy,,1243,1352,,032024_COL_SAN_T4_120_OFAV,UML_Narwhal_R5_B21,,,
120,032024,3/6/24,COL,SAN,PLAZADETOROS,4,95,121,OFAV,Core_RNAlater,Healthy,,1301,1353,,032024_COL_SAN_T4_121_OFAV,UML_Narwhal_R5_B21,,,
121,032024,3/6/24,COL,SAN,PLAZADETOROS,4,96,122,OFAV,Core_RNAlater,Healthy,,1310,1353,,032024_COL_SAN_T4_122_OFAV,UML_Narwhal_R5_B21,,,
122,032024,3/6/24,COL,SAN,PLAZADETOROS,4,97,123,OFAV,Core_RNAlater,Healthy,,1318,1355,,032024_COL_SAN_T4_123_OFAV,UML_Narwhal_R5_B21,,,
123,032024,3/6/24,COL,SAN,PLAZADETOROS,4,98,124,OFAV,Core_RNAlater,Healthy,,1325,1355,,032024_COL_SAN_T4_124_OFAV,UML_Narwhal_R5_B21,,,
124,032024,3/6/24,COL,SAN,PLAZADETOROS,4,72,125,CNAT,Core_RNAlater,Healthy,,1244,1357,,032024_COL_SAN_T4_125_CNAT,UML_Narwhal_R5_B21,,,
125,032024,3/6/24,COL,SAN,PLAZADETOROS,4,49,126,DLAB,Core_RNAlater,Healthy,,1245,1358,,032024_COL_SAN_T4_126_DLAB,UML_Narwhal_R5_B21,,,
126,032024,3/6/24,COL,SAN,PLAZADETOROS,4,51,127,DLAB,Core_RNAlater,Healthy,,1252,1359,,032024_COL_SAN_T4_127_DLAB,UML_Narwhal_R5_B21,,,
127,032024,3/7/24,COL,SAN,ELARBOL,5,1,151,PSTR,Core_RNAlater,Healthy,,11:55,12:48,,032024_COL_SAN_T5_151_PSTR,UML_Narwhal_R5_B22,,,Identity not verfied - do not use.  If any of these four samples look weird they may have been double sampled/ there was one more sample in the pill box than noted on the data sheet 
128,032024,3/7/24,COL,SAN,ELARBOL,5,2,134,MCAV,Core_RNAlater,Healthy,,10:29,10:55,,032024_COL_SAN_T5_134_MCAV,UML_Narwhal_R5_B22,UML_Narwhal_R2_B10,10/16/24,
129,032024,3/7/24,COL,SAN,ELARBOL,5,3,135,MCAV,Core_RNAlater,Healthy,,10:35,10:56,,032024_COL_SAN_T5_135_MCAV,UML_Narwhal_R5_B22,,,
130,032024,3/7/24,COL,SAN,ELARBOL,5,4,153,PSTR,Core_RNAlater,Healthy,,12:04,12:50,,032024_COL_SAN_T5_153_PSTR,UML_Narwhal_R5_B22,,,Identity not verfied - do not use.  If any of these four samples look weird they may have been double sampled/ there was one more sample in the pill box than noted on the data sheet 
131,032024,3/7/24,COL,SAN,ELARBOL,5,5,132,MCAV,Core_RNAlater,Healthy,,10:16,10:54,,032024_COL_SAN_T5_132_MCAV,UML_Narwhal_R5_B20,UML_Narwhal_R2_B10,10/16/24,
132,032024,3/7/24,COL,SAN,ELARBOL,5,6,131,MCAV,Core_RNAlater,Healthy,,10:21,10:55,,032024_COL_SAN_T5_131_MCAV,UML_Narwhal_R5_B22,UML_Narwhal_R2_B10,10/16/24,
133,032024,3/7/24,COL,SAN,ELARBOL,5,7,130,MCAV,Core_RNAlater,Healthy,,10:12,10:54,,032024_COL_SAN_T5_130_MCAV,UML_Narwhal_R5_B22,UML_Narwhal_R2_B10,10/16/24,
134,032024,3/7/24,COL,SAN,ELARBOL,5,8,128,MCAV,Core_RNAlater,Healthy,,9:50,10:52,,032024_COL_SAN_T5_128_MCAV,UML_Narwhal_R5_B22,UML_Narwhal_R2_B10,10/16/24,
135,032024,3/7/24,COL,SAN,ELARBOL,5,9,136,MCAV,Core_RNAlater,Healthy,,10:40,10:56,,032024_COL_SAN_T5_136_MCAV,UML_Narwhal_R5_B22,UML_Narwhal_R2_B10,10/16/24,
136,032024,3/7/24,COL,SAN,ELARBOL,5,10,150,MCAV,Core_RNAlater,Healthy,,11:50,12:48,,032024_COL_SAN_T5_150_MCAV,UML_Narwhal_R5_B22,UML_Narwhal_R2_B10,10/16/24,
137,032024,3/7/24,COL,SAN,ELARBOL,5,11,152,PSTR,Core_RNAlater,Healthy,,12:00,12:49,,032024_COL_SAN_T5_152_PSTR,UML_Narwhal_R5_B22,,,Identity not verfied - do not use.  If any of these four samples look weird they may have been double sampled/ there was one more sample in the pill box than noted on the data sheet 
138,032024,3/7/24,COL,SAN,ELARBOL,5,12,154,PSTR,Core_RNAlater,Healthy,,12:10,12:50,,032024_COL_SAN_T5_154_PSTR,UML_Narwhal_R5_B22,UML_Narwhal_R2_B10,10/16/24,Identity not verfied - do not use.  If any of these four samples look weird they may have been double sampled/ there was one more sample in the pill box than noted on the data sheet 
139,032024,3/7/24,COL,SAN,ELARBOL,5,13,133,MCAV,Core_RNAlater,Healthy,,10:25,10:55,,032024_COL_SAN_T5_133_MCAV,UML_Narwhal_R5_B22,UML_Narwhal_R2_B10,10/16/24,Find photo on camer
140,032024,3/7/24,COL,SAN,ELARBOL,5,14,129,MCAV,Core_RNAlater,Healthy,,10:02,10:54,,032024_COL_SAN_T5_129_MCAV,UML_Narwhal_R5_B22,UML_Narwhal_R2_B10,10/16/24,
141,032024,3/7/24,COL,SAN,ELARBOL,5,19,137,OFAV,Core_RNAlater,Healthy,,9:55,10:57,,032024_COL_SAN_T5_137_OFAV,UML_Narwhal_R5_B22,,,
142,032024,3/7/24,COL,SAN,ELARBOL,5,20,138,OFAV,Core_RNAlater,Healthy,,10:05,10:58,,032024_COL_SAN_T5_138_OFAV,UML_Narwhal_R5_B22,,,
143,032024,3/7/24,COL,SAN,ELARBOL,5,21,139,OFAV,Core_RNAlater,Healthy,,10:13,10:58,,032024_COL_SAN_T5_139_OFAV,UML_Narwhal_R5_B22,UML_Narwhal_R2_B10,10/16/24,
144,032024,3/7/24,COL,SAN,ELARBOL,5,22,140,OFAV,Core_RNAlater,Healthy,,10:23,10:58,,032024_COL_SAN_T5_140_OFAV,UML_Narwhal_R5_B22,UML_Narwhal_R2_B10,10/16/24,
145,032024,3/7/24,COL,SAN,ELARBOL,5,23,141,OFAV,Core_RNAlater,Healthy,,10:31,10:59,,032024_COL_SAN_T5_141_OFAV,UML_Narwhal_R5_B22,UML_Narwhal_R2_B10,10/16/24,
146,032024,3/7/24,COL,SAN,ELARBOL,5,24,142,OFAV,Core_RNAlater,Healthy,,10:43,10:59,,032024_COL_SAN_T5_142_OFAV,UML_Narwhal_R5_B22,,,
147,032024,3/7/24,COL,SAN,ELARBOL,5,25,164,OFAV,Core_RNAlater,Healthy,,11:53,13:07,,032024_COL_SAN_T5_164_OFAV,UML_Narwhal_R5_B22,,,
148,032024,3/7/24,COL,SAN,ELARBOL,5,28,165,OFAV,Core_RNAlater,Healthy,,12:04,13:07,,032024_COL_SAN_T5_165_OFAV,UML_Narwhal_R5_B22,,,
149,032024,3/7/24,COL,SAN,ELARBOL,5,29,166,OFAV,Core_RNAlater,Healthy,,12:14,13:12,,032024_COL_SAN_T5_166_OFAV,UML_Narwhal_R5_B22,UML_Narwhal_R2_B10,10/16/24,
150,032024,3/7/24,COL,SAN,ELARBOL,5,37,167,OFAV,Core_RNAlater,Healthy,,12:22,13:12,,032024_COL_SAN_T5_167_OFAV,UML_Narwhal_R5_B22,UML_Narwhal_R2_B10,10/16/24,
151,032024,3/7/24,COL,SAN,ELARBOL,5,58,155,PSTR,Core_RNAlater,Healthy,,12:20,12:52,,032024_COL_SAN_T5_155_PSTR,UML_Narwhal_R5_B22,,,
152,032024,3/7/24,COL,SAN,ELARBOL,5,59,156,PSTR,Core_RNAlater,Healthy,,12:24,12:56,,032024_COL_SAN_T5_156_PSTR,UML_Narwhal_R5_B22,,,
153,032024,3/7/24,COL,SAN,ELARBOL,5,62,157,PSTR,Core_RNAlater,Healthy,,12:32,12:57,,032024_COL_SAN_T5_157_PSTR,UML_Narwhal_R5_B22,,,
154,032024,3/7/24,COL,SAN,ELARBOL,5,81,143,DLAB,Core_RNAlater,Healthy,,10:20,11:02,,032024_COL_SAN_T5_143_DLAB,UML_Narwhal_R5_B22,UML_Narwhal_R2_B10,10/16/24,
155,032024,3/7/24,COL,SAN,ELARBOL,5,82,144,PSTR,Core_RNAlater,Healthy,,10:20,11:03,,032024_COL_SAN_T5_144_PSTR,UML_Narwhal_R5_B22,UML_Narwhal_R2_B10,10/16/24,
156,032024,3/7/24,COL,SAN,ELARBOL,5,83,146,DLAB,Core_RNAlater,Healthy,,10:23,11:06,,032024_COL_SAN_T5_146_DLAB,UML_Narwhal_R5_B22,UML_Narwhal_R2_B10,10/16/24,
157,032024,3/7/24,COL,SAN,ELARBOL,5,84,145,PSTR,Core_RNAlater,Healthy,,10:20,11:03,,032024_COL_SAN_T5_145_PSTR,UML_Narwhal_R5_B22,,,
158,032024,3/7/24,COL,SAN,ELARBOL,5,85,147,PSTR,Core_RNAlater,Healthy,,10:32,11:07,,032024_COL_SAN_T5_147_PSTR,UML_Narwhal_R5_B22,UML_Narwhal_R2_B10,10/16/24,
159,032024,3/7/24,COL,SAN,ELARBOL,5,86,148,DLAB,Core_RNAlater,Healthy,,10:36,11:08,,032024_COL_SAN_T5_148_DLAB,UML_Narwhal_R5_B22,UML_Narwhal_R2_B10,10/16/24,
160,032024,3/7/24,COL,SAN,ELARBOL,5,87,149,DLAB,Core_RNAlater,Healthy,,10:36,11:08,,032024_COL_SAN_T5_149_DLAB,UML_Narwhal_R5_B22,UML_Narwhal_R2_B10,10/16/24,
161,032024,3/7/24,COL,SAN,ELARBOL,5,88,158,DLAB,Core_RNAlater,Healthy,,11:49,13:00,,032024_COL_SAN_T5_158_DLAB,UML_Narwhal_R5_B22,UML_Narwhal_R2_B10,10/16/24,
162,032024,3/7/24,COL,SAN,ELARBOL,5,94,159,DLAB,Core_RNAlater,Healthy,,12:02,13:01,,032024_COL_SAN_T5_159_DLAB,UML_Narwhal_R5_B22,UML_Narwhal_R2_B10,10/16/24,
163,032024,3/7/24,COL,SAN,ELARBOL,5,96,162,PSTR,Core_RNAlater,Healthy,,12:36,13:03,,032024_COL_SAN_T5_162_PSTR,UML_Narwhal_R5_B22,UML_Narwhal_R2_B10,10/16/24,
164,032024,3/7/24,COL,SAN,ELARBOL,5,97,163,PSTR,Core_RNAlater,Healthy,,12:36,13:04,,032024_COL_SAN_T5_163_PSTR,UML_Narwhal_R5_B22,UML_Narwhal_R2_B10,10/16/24,
165,032024,3/7/24,COL,SAN,ELARBOL,5,99,161,DLAB,Core_RNAlater,Healthy,,12:24,13:02,,032024_COL_SAN_T5_161_DLAB,UML_Narwhal_R5_B22,UML_Narwhal_R2_B10,10/16/24,
166,032024,3/7/24,COL,SAN,ELARBOL,5,100,160,DLAB,Core_RNAlater,Healthy,,12:17,13:01,,032024_COL_SAN_T5_160_DLAB,UML_Narwhal_R5_B22,UML_Narwhal_R2_B10,10/16/24,
167,092024,9/28/24,COL,SAN,PLAZADETOROS,4,93,468,OFAV,Core_RNAlater,Healthy,,10:54,,,092024_COL_SAN_T4_468_OFAV,UML_NARWHAL_R3_B39,,,
168,092024,9/28/24,COL,SAN,PLAZADETOROS,4,93,469,OFAV,Core_RNAlater,Healthy,,10:54,,,092024_COL_SAN_T4_469_OFAV,UML_NARWHAL_R3_B39,,,
169,092024,9/28/24,COL,SAN,PLAZADETOROS,4,63,470,CNAT,Core_RNAlater,Healthy,,11:06,,Old mortality,092024_COL_SAN_T4_470_CNAT,UML_NARWHAL_R3_B39,,,
170,092024,9/28/24,COL,SAN,PLAZADETOROS,4,63,471,CNAT,Core_RNAlater,Healthy,,11:06,,Old mortality,092024_COL_SAN_T4_471_CNAT,UML_NARWHAL_R3_B39,,,
171,092024,9/28/24,COL,SAN,PLAZADETOROS,4,66,472,DLAB,Core_RNAlater,Healthy,,11:21,,,092024_COL_SAN_T4_472_DLAB,UML_NARWHAL_R3_B39,,,
172,092024,9/28/24,COL,SAN,PLAZADETOROS,4,66,473,DLAB,Core_RNAlater,Healthy,,11:21,,,092024_COL_SAN_T4_473_DLAB,UML_NARWHAL_R3_B39,,,
173,092024,9/28/24,COL,SAN,PLAZADETOROS,4,72,474,CNAT,Core_RNAlater,Healthy,,11:28,,,092024_COL_SAN_T4_474_CNAT,UML_NARWHAL_R3_B39,,,
174,092024,9/28/24,COL,SAN,PLAZADETOROS,4,72,475,CNAT,Core_RNAlater,Healthy,,11:28,,,092024_COL_SAN_T4_475_CNAT,UML_NARWHAL_R3_B39,,,
175,092024,9/28/24,COL,SAN,PLAZADETOROS,4,93,476,OFAV,Core_RNAlater,Diseased,,10:54,,,092024_COL_SAN_T4_476_OFAV,UML_NARWHAL_R3_B39,,,
176,092024,9/28/24,COL,SAN,PLAZADETOROS,4,93,477,OFAV,Core_RNAlater,DIseased,,10:54,,,092024_COL_SAN_T4_477_OFAV,UML_NARWHAL_R3_B39,,,
177,092024,9/28/24,COL,SAN,PLAZADETOROS,4,24,478,MCAV,Core_RNAlater,DC,,11:10,,green/black,092024_COL_SAN_T4_478_MCAV,UML_NARWHAL_R3_B39,,,
178,092024,9/28/24,COL,SAN,PLAZADETOROS,4,24,479,MCAV,Core_RNAlater,DC,,11:10,,green/black,092024_COL_SAN_T4_479_MCAV,UML_NARWHAL_R3_B39,,,
179,092024,9/28/24,COL,SAN,PLAZADETOROS,4,68,480,DLAB,Core_RNAlater,Diseased,,10:41,,,092024_COL_SAN_T4_480_DLAB,UML_NARWHAL_R3_B39,,,
180,092024,9/28/24,COL,SAN,PLAZADETOROS,4,68,481,DLAB,Core_RNAlater,Diseased,,10:41,,,092024_COL_SAN_T4_481_DLAB,UML_NARWHAL_R3_B39,,,
181,092024,9/28/24,COL,SAN,PLAZADETOROS,4,55,482,PSTR,Core_RNAlater,Diseased,,11:20,,,092024_COL_SAN_T4_482_PSTR,UML_NARWHAL_R3_B39,,,
182,092024,9/28/24,COL,SAN,PLAZADETOROS,4,55,482,PSTR,Core_RNAlater,Diseased,,11:20,,,092024_COL_SAN_T4_482_PSTR,UML_NARWHAL_R3_B39,,,
183,092024,9/28/24,COL,SAN,PLAZADETOROS,4,68,483,DLAB,Core_RNAlater,Healthy,,10:39,,,092024_COL_SAN_T4_483_DLAB,UML_NARWHAL_R3_B39,,,
184,092024,9/28/24,COL,SAN,PLAZADETOROS,4,68,484,DLAB,Core_RNAlater,Healthy,,10:39,,,092024_COL_SAN_T4_484_DLAB,UML_NARWHAL_R3_B39,,,
185,092024,9/28/24,COL,SAN,PLAZADETOROS,4,69,486,MCAV,Core_RNAlater,Healthy,,10:48,,,092024_COL_SAN_T4_486_MCAV,UML_NARWHAL_R3_B39,,,
186,092024,9/28/24,COL,SAN,PLAZADETOROS,4,70,487,DLAB,Core_RNAlater,Healthy,,10:53,,,092024_COL_SAN_T4_487_DLAB,UML_NARWHAL_R3_B39,,,
187,092024,9/28/24,COL,SAN,PLAZADETOROS,4,70,488,DLAB,Core_RNAlater,Healthy,,10:53,,,092024_COL_SAN_T4_488_DLAB,UML_NARWHAL_R3_B39,,,
188,092024,9/28/24,COL,SAN,PLAZADETOROS,4,17,489,MCAV,Core_RNAlater,Healthy,,10:58,,,092024_COL_SAN_T4_489_MCAV,UML_NARWHAL_R3_B39,,,
189,092024,9/28/24,COL,SAN,PLAZADETOROS,4,17,490,MCAV,Core_RNAlater,Healthy,,10:58,,,092024_COL_SAN_T4_490_MCAV,UML_NARWHAL_R3_B39,,,
190,092024,9/28/24,COL,SAN,PLAZADETOROS,4,56,491,PSTR,Core_RNAlater,Healthy,,11:14,,,092024_COL_SAN_T4_491_PSTR,UML_NARWHAL_R3_B39,,,
191,092024,9/28/24,COL,SAN,PLAZADETOROS,4,56,492,PSTR,Core_RNAlater,Healthy,,11:14,,,092024_COL_SAN_T4_492_PSTR,UML_NARWHAL_R3_B39,,,
192,092024,9/28/24,COL,SAN,PLAZADETOROS,4,55,493,PSTR,Core_RNAlater,Healthy,,11:18,,,092024_COL_SAN_T4_493_PSTR,UML_NARWHAL_R3_B39,,,
193,092024,9/28/24,COL,SAN,PLAZADETOROS,4,55,494,PSTR,Core_RNAlater,Healthy,,11:18,,,092024_COL_SAN_T4_494_PSTR,UML_NARWHAL_R3_B39,,,
194,092024,9/28/24,COL,SAN,PLAZADETOROS,4,21,495,MCAV,Core_RNAlater,Healthy,,10:33,,,092024_COL_SAN_T4_495_MCAV,UML_NARWHAL_R3_B39,,,
195,092024,9/28/24,COL,SAN,PLAZADETOROS,4,69,495,MCAV,Core_RNAlater,Healthy,,10:48,,,092024_COL_SAN_T4_495_MCAV,UML_NARWHAL_R3_B39,,,
196,092024,9/28/24,COL,SAN,PLAZADETOROS,4,21,496,MCAV,Core_RNAlater,Healthy,,10:33,,,092024_COL_SAN_T4_496_MCAV,UML_NARWHAL_R3_B39,,,
197,092024,9/28/24,COL,SAN,PLAZADETOROS,4,22,497,MCAV,Core_RNAlater,Healthy,,11:09,,,092024_COL_SAN_T4_497_MCAV,UML_NARWHAL_R3_B39,,,
198,092024,9/28/24,COL,SAN,PLAZADETOROS,4,22,498,MCAV,Core_RNAlater,Healthy,,11:09,,,092024_COL_SAN_T4_498_MCAV,UML_NARWHAL_R3_B39,,,
199,092024,9/28/24,COL,SAN,PLAZADETOROS,4,96,499,OFAV,Core_RNAlater,Healthy,,10:46,,,092024_COL_SAN_T4_499_OFAV,UML_NARWHAL_R3_B39,,,
200,092024,9/28/24,COL,SAN,PLAZADETOROS,4,96,500,OFAV,Core_RNAlater,Healthy,,10:46,,,092024_COL_SAN_T4_500_OFAV,UML_NARWHAL_R3_B39,,,
201,092024,9/28/24,COL,SAN,PLAZADETOROS,4,96,501,OFAV,Core_RNAlater,Diseased,,10:49,,,092024_COL_SAN_T4_501_OFAV,UML_NARWHAL_R3_B39,,,
202,092024,9/28/24,COL,SAN,PLAZADETOROS,4,96,502,OFAV,Core_RNAlater,Diseased,,10:49,,,092024_COL_SAN_T4_502_OFAV,UML_NARWHAL_R3_B39,,,
203,092024,9/28/24,COL,SAN,PLAZADETOROS,4,98,503,OFAV,Core_RNAlater,Healthy,,11:20,,,092024_COL_SAN_T4_503_OFAV,UML_NARWHAL_R3_B39,,,
204,092024,9/28/24,COL,SAN,PLAZADETOROS,4,98,504,OFAV,Core_RNAlater,Healthy,,11:20,,,092024_COL_SAN_T4_504_OFAV,UML_NARWHAL_R3_B39,,,
205,092024,9/28/24,COL,SAN,PLAZADETOROS,4,98,505,OFAV,Core_RNAlater,Diseased,,11:20,,,092024_COL_SAN_T4_505_OFAV,UML_NARWHAL_R3_B39,,,
206,092024,9/28/24,COL,SAN,PLAZADETOROS,4,98,506,OFAV,Core_RNAlater,Diseased,,11:20,,,092024_COL_SAN_T4_506_OFAV,UML_NARWHAL_R3_B39,,,
207,092024,9/28/24,COL,SAN,PLAZADETOROS,4,71,507,CNAT,Core_RNAlater,Healthy,,1:11,,,092024_COL_SAN_T4_507_CNAT,UML_NARWHAL_R3_B39,,,
208,092024,9/28/24,COL,SAN,PLAZADETOROS,4,71,508,CNAT,Core_RNAlater,Healthy,,1:11,,,092024_COL_SAN_T4_508_CNAT,UML_NARWHAL_R3_B39,,,
209,092024,9/28/24,COL,SAN,PLAZADETOROS,4,23,509,MCAV,Core_RNAlater,Healthy,,1:30,2:28,,092024_COL_SAN_T4_509_MCAV,UML_NARWHAL_R3_B39,,,
210,092024,9/28/24,COL,SAN,PLAZADETOROS,4,23,510,MCAV,Core_RNAlater,Healthy,,1:30,2:28,,092024_COL_SAN_T4_510_MCAV,UML_NARWHAL_R3_B39,,,
211,092024,9/28/24,COL,SAN,PLAZADETOROS,4,51,511,DLAB,Core_RNAlater,Diseased,,1:58,2:30,,092024_COL_SAN_T4_511_DLAB,UML_NARWHAL_R3_B39,,,
212,092024,9/28/24,COL,SAN,PLAZADETOROS,4,51,512,DLAB,Core_RNAlater,Diseased,,1:58,2:30,,092024_COL_SAN_T4_512_DLAB,UML_NARWHAL_R3_B39,,,
213,092024,9/28/24,COL,SAN,PLAZADETOROS,4,49,513,DLAB,Core_RNAlater,Healthy,,13:13,14:35,,092024_COL_SAN_T4_513_DLAB,UML_NARWHAL_R3_B39,,,
214,092024,9/28/24,COL,SAN,PLAZADETOROS,4,49,514,DLAB,Core_RNAlater,Healthy,,13:13,14:35,,092024_COL_SAN_T4_514_DLAB,UML_NARWHAL_R3_B39,,,
215,092024,9/28/24,COL,SAN,PLAZADETOROS,4,51,515,DLAB,Core_RNAlater,Healthy,,13:39,14:35,,092024_COL_SAN_T4_515_DLAB,UML_NARWHAL_R3_B39,,,
216,092024,9/28/24,COL,SAN,PLAZADETOROS,4,51,516,DLAB,Core_RNAlater,Healthy,,13:39,14:35,,092024_COL_SAN_T4_516_DLAB,UML_NARWHAL_R3_B39,,,
217,092024,9/28/24,COL,SAN,PLAZADETOROS,4,57,517,PSTR,Core_RNAlater,Healthy,,13:58,14:35,,092024_COL_SAN_T4_517_PSTR,UML_NARWHAL_R3_B39,,,
218,092024,9/28/24,COL,SAN,PLAZADETOROS,4,57,518,PSTR,Core_RNAlater,Healthy,,13:58,14:35,,092024_COL_SAN_T4_518_PSTR,UML_NARWHAL_R3_B39,,,
219,092024,9/28/24,COL,SAN,PLAZADETOROS,4,19,519,MCAV,Core_RNAlater,Healthy,,14:02,14:35,,092024_COL_SAN_T4_519_MCAV,UML_NARWHAL_R3_B39,,,
220,092024,9/28/24,COL,SAN,PLAZADETOROS,4,18,520,MCAV,Core_RNAlater,Healthy,,14:09,14:37,,092024_COL_SAN_T4_520_MCAV,UML_NARWHAL_R3_B39,,,
221,092024,9/28/24,COL,SAN,PLAZADETOROS,4,18,521,MCAV,Core_RNAlater,Healthy,,14:09,14:37,,092024_COL_SAN_T4_521_MCAV,UML_NARWHAL_R3_B39,,,
222,092024,9/28/24,COL,SAN,PLAZADETOROS,4,97,522,OFAV,Core_RNAlater,Healthy,,13:15,14:40,,092024_COL_SAN_T4_522_OFAV,UML_NARWHAL_R3_B39,,,
223,092024,9/28/24,COL,SAN,PLAZADETOROS,4,97,523,OFAV,Core_RNAlater,Healthy,,13:15,14:40,,092024_COL_SAN_T4_523_OFAV,UML_NARWHAL_R3_B39,,,
224,092024,9/28/24,COL,SAN,PLAZADETOROS,4,91,524,OFAV,Core_RNAlater,CLP,,13:40,14:40,,092024_COL_SAN_T4_524_OFAV,UML_NARWHAL_R3_B39,,,
225,092024,9/28/24,COL,SAN,PLAZADETOROS,4,91,525,OFAV,Core_RNAlater,CLP,,13:40,14:40,,092024_COL_SAN_T4_525_OFAV,UML_NARWHAL_R3_B39,,,
226,092024,9/28/24,COL,SAN,PLAZADETOROS,4,97,526,OFAV,Core_RNAlater,Diseased,,13:21,14:40,,092024_COL_SAN_T4_526_OFAV,UML_NARWHAL_R3_B39,,,
227,092024,9/28/24,COL,SAN,PLAZADETOROS,4,97,527,OFAV,Core_RNAlater,Diseased,,13:21,14:40,,092024_COL_SAN_T4_527_OFAV,UML_NARWHAL_R3_B39,,,
228,092024,9/28/24,COL,SAN,PLAZADETOROS,4,94,528,OFAV,Core_RNAlater,Diseased,,15:39,16:12,,092024_COL_SAN_T4_528_OFAV,UML_NARWHAL_R3_B39,,,
229,092024,9/28/24,COL,SAN,PLAZADETOROS,4,94,529,OFAV,Core_RNAlater,Diseased,,15:39,16:12,,092024_COL_SAN_T4_529_OFAV,UML_NARWHAL_R3_B39,,,
230,092024,9/28/24,COL,SAN,PLAZADETOROS,4,94,530,OFAV,Core_RNAlater,Healthy,,15:39,16:12,,092024_COL_SAN_T4_530_OFAV,UML_NARWHAL_R3_B39,,,
231,092024,9/28/24,COL,SAN,PLAZADETOROS,4,94,531,OFAV,Core_RNAlater,Healthy,,15:39,16:12,,092024_COL_SAN_T4_531_OFAV,UML_NARWHAL_R3_B39,,,
232,092024,9/28/24,COL,SAN,PLAZADETOROS,4,95,532,OFAV,Core_RNAlater,Healthy,,15:51,16:12,,092024_COL_SAN_T4_532_OFAV,UML_NARWHAL_R3_B39,,,
233,092024,9/28/24,COL,SAN,PLAZADETOROS,4,95,533,OFAV,Core_RNAlater,Healthy,,15:51,16:12,,092024_COL_SAN_T4_533_OFAV,UML_NARWHAL_R3_B39,,,
234,092024,9/28/24,COL,SAN,PLAZADETOROS,4,25,534,MCAV,Core_RNAlater,Healthy,,15:46,16:20,,092024_COL_SAN_T4_534_MCAV,UML_NARWHAL_R3_B39,,,
235,092024,9/28/24,COL,SAN,PLAZADETOROS,4,25,535,MCAV,Core_RNAlater,Healthy,,15:46,16:20,,092024_COL_SAN_T4_535_MCAV,UML_NARWHAL_R3_B39,,,
236,092024,9/28/24,COL,SAN,PLAZADETOROS,4,92,536,OFAV,Core_RNAlater,Healthy,,15:57,16:20,,092024_COL_SAN_T4_536_OFAV,UML_NARWHAL_R3_B39,,,
237,092024,9/28/24,COL,SAN,PLAZADETOROS,4,92,539,OFAV,Core_RNAlater,Diseased,,15:59,,,092024_COL_SAN_T4_539_OFAV,UML_NARWHAL_R3_B39,,,
238,092024,9/28/24,COL,SAN,PLAZADETOROS,4,67,540,PSTR,Core_RNAlater,Diseased,,15:34,16:30,,092024_COL_SAN_T4_540_PSTR,UML_NARWHAL_R3_B39,,,
239,092024,9/28/24,COL,SAN,PLAZADETOROS,4,67,541,PSTR,Core_RNAlater,Diseased,,15:34,16:30,,092024_COL_SAN_T4_541_PSTR,UML_NARWHAL_R3_B39,,,
240,092024,9/28/24,COL,SAN,PLAZADETOROS,4,67,542,PSTR,Core_RNAlater,Healthy,,15:32,16:30,,092024_COL_SAN_T4_542_PSTR,UML_NARWHAL_R3_B39,,,
241,092024,9/28/24,COL,SAN,PLAZADETOROS,4,67,543,PSTR,Core_RNAlater,Healthy,,15:32,16:30,,092024_COL_SAN_T4_543_PSTR,UML_NARWHAL_R3_B39,,,
242,092024,9/28/24,COL,SAN,PLAZADETOROS,4,19,544,MCAV,Core_RNAlater,Healthy,,15:36,16:30,,092024_COL_SAN_T4_544_MCAV,UML_NARWHAL_R3_B39,,,
243,092024,9/28/24,COL,SAN,PLAZADETOROS,4,20,545,MCAV,Core_RNAlater,Healthy,,15:55,16:30,,092024_COL_SAN_T4_545_MCAV,UML_NARWHAL_R3_B39,,,
244,092024,9/28/24,COL,SAN,PLAZADETOROS,4,20,546,MCAV,Core_RNAlater,Healthy,,15:55,16:30,,092024_COL_SAN_T4_546_MCAV,UML_NARWHAL_R3_B39,,,
245,092024,9/29/24,COL,SAN,PLAZADETOROS,4,92,537,OFAV,Core_RNAlater,Healthy,,15:57,16:20,,092024_COL_SAN_T4_537_OFAV,UML_NARWHAL_R3_B39,,,
246,092024,9/29/24,COL,SAN,PLAZADETOROS,4,49,548,DLAB,Core_RNAlater,Diseased,,10:55,11:01,,092024_COL_SAN_T4_548_DLAB,UML_NARWHAL_R3_B39,,,
247,092024,9/29/24,COL,SAN,PLAZADETOROS,4,49,549,DLAB,Core_RNAlater,Diseased,,10:55,11:01,,092024_COL_SAN_T4_549_DLAB,UML_NARWHAL_R3_B39,,,
248,092024,9/30/24,COL,SAN,PLAZADETOROS,4,92,538,OFAV,Core_RNAlater,Diseased,,15:59,16:20,,092024_COL_SAN_T4_538_OFAV,UML_NARWHAL_R3_B39,,,
249,012025,1/13/25,COL,SAN,PUNTAPADI,2,54,268,OFAV,Core_RNAlater,Diseased_Tissue,,11:11,12:15,,012025_COL_SAN_T2_268_OFAV,UML_NARWHAL_R3_B40,,,date on tube is crossed off for most 012025 samples
250,012025,1/13/25,COL,SAN,PUNTAPADI,2,54,269,OFAV,Core_RNAlater,Diseased_Margin,,,,,012025_COL_SAN_T2_269_OFAV,UML_NARWHAL_R3_B40,,,
251,012025,1/13/25,COL,SAN,PUNTAPADI,2,50,270,OFAV,Core_RNAlater,Healthy,,11:50,14:05,,012025_COL_SAN_T2_270_OFAV,UML_NARWHAL_R3_B40,,,
252,012025,1/13/25,COL,SAN,PUNTAPADI,2,38,271,MCAV,Core_RNAlater,Healthy,,,,,012025_COL_SAN_T2_271_MCAV,UML_NARWHAL_R3_B40,,,
253,012025,1/13/25,COL,SAN,PUNTAPADI,2,46,272,MCAV,Core_RNAlater,Healthy,,13:00,14:15,,012025_COL_SAN_T2_272_MCAV,UML_NARWHAL_R3_B40,,,
254,012025,1/13/25,COL,SAN,PUNTAPADI,2,89,273,DLAB,Core_RNAlater,Healthy,,,,,012025_COL_SAN_T2_273_DLAB,UML_NARWHAL_R3_B40,,,
255,012025,1/13/25,COL,SAN,PUNTAPADI,2,90,274,DLAB,Core_RNAlater,Healthy,,,,,012025_COL_SAN_T2_274_DLAB,UML_NARWHAL_R3_B40,,,
256,012025,1/13/25,COL,SAN,PUNTAPADI,2,26,275,DLAB,Core_RNAlater,Healthy,,,14:20,,012025_COL_SAN_T2_275_DLAB,UML_NARWHAL_R3_B40,,,
257,012025,1/13/25,COL,SAN,PUNTAPADI,2,45,276,MCAV,Core_RNAlater,Healthy,,,,,012025_COL_SAN_T2_276_MCAV,UML_NARWHAL_R3_B40,,,
258,012025,1/13/25,COL,SAN,PUNTAPADI,2,27,277,DLAB,Core_RNAlater,Healthy,,,,,012025_COL_SAN_T2_277_DLAB,UML_NARWHAL_R3_B40,,,
259,012025,1/13/25,COL,SAN,PUNTAPADI,2,56,278,OFAV,Core_RNAlater,Healthy,,,,,012025_COL_SAN_T2_278_OFAV,UML_NARWHAL_R3_B40,,,
260,012025,1/13/25,COL,SAN,PUNTAPADI,2,48,279,MCAV,Core_RNAlater,Healthy,,,,,012025_COL_SAN_T2_279_MCAV,UML_NARWHAL_R3_B40,,,
261,012025,1/13/25,COL,SAN,PUNTAPADI,2,47,280,MCAV,Core_RNAlater,Healthy,,,,,012025_COL_SAN_T2_280_MCAV,UML_NARWHAL_R3_B40,,,
262,012025,1/13/25,COL,SAN,PUNTAPADI,2,53,281,OFAV,Core_RNAlater,Healthy,,,,,012025_COL_SAN_T2_281_OFAV,UML_NARWHAL_R3_B40,,,
263,012025,1/13/25,COL,SAN,PUNTAPADI,2,39,282,MCAV,Core_RNAlater,Healthy,,,,,012025_COL_SAN_T2_282_MCAV,UML_NARWHAL_R3_B40,,,
264,012025,1/13/25,COL,SAN,PUNTAPADI,2,40,283,MCAV,Core_RNAlater,Healthy,,13:52,14:45,,012025_COL_SAN_T2_283_MCAV,UML_NARWHAL_R3_B40,,,
265,012025,1/13/25,COL,SAN,PUNTAPADI,2,91,284,DLAB,Core_RNAlater,Healthy,,,,,012025_COL_SAN_T2_284_DLAB,UML_NARWHAL_R3_B40,,,
266,012025,1/13/25,COL,SAN,PUNTAPADI,2,41,285,MCAV,Core_RNAlater,Healthy,,,,,012025_COL_SAN_T2_285_MCAV,UML_NARWHAL_R3_B40,,,
267,012025,1/13/25,COL,SAN,PUNTAPADI,2,42,286,MCAV,Core_RNAlater,Healthy,,,,,012025_COL_SAN_T2_286_MCAV,UML_NARWHAL_R3_B40,,,
268,012025,1/13/25,COL,SAN,PUNTAPADI,2,43,287,MCAV,Core_RNAlater,Healthy,,,,,012025_COL_SAN_T2_287_MCAV,UML_NARWHAL_R3_B40,,,
269,012025,1/13/25,COL,SAN,PUNTAPADI,2,92,288,OFAV,Core_RNAlater,Healthy,,,,,012025_COL_SAN_T2_288_OFAV,UML_NARWHAL_R3_B40,,,
270,012025,1/13/25,COL,SAN,PUNTAPADI,2,93,289,DLAB,Core_RNAlater,Healthy,,,,,012025_COL_SAN_T2_289_DLAB,UML_NARWHAL_R3_B40,,,
271,012025,1/13/25,COL,SAN,PUNTAPADI,2,44,290,MCAV,Core_RNAlater,Healthy,,,,,012025_COL_SAN_T2_290_MCAV,UML_NARWHAL_R3_B40,,,
272,012025,1/13/25,COL,SAN,PUNTAPADI,2,55,291,OFAV,Core_RNAlater,Healthy,,,,,012025_COL_SAN_T2_291_OFAV,UML_NARWHAL_R3_B40,,,
273,012025,1/13/25,COL,SAN,PUNTAPADI,2,54,292,OFAV,Core_RNAlater,Anti_D_treated1h_Tissue,,,,,012025_COL_SAN_T2_292_OFAV,UML_NARWHAL_R3_B40,,,
274,012025,1/13/25,COL,SAN,PUNTAPADI,2,54,293,OFAV,Core_RNAlater,Anti_D_treated1h_Margin,,,,,012025_COL_SAN_T2_293_OFAV,UML_NARWHAL_R3_B40,,,
275,012025,1/14/25,COL,SAN,PUNTAPADI,2,1,294,ORBI,Core_RNAlater,Healthy,,,,,012025_COL_SAN_T2_294_ORBI,UML_NARWHAL_R3_B40,,,
276,012025,1/14/25,COL,SAN,PUNTAPADI,2,2,295,ORBI,Core_RNAlater,Healthy,,,,,012025_COL_SAN_T2_295_ORBI,UML_NARWHAL_R3_B40,,,
277,012025,1/14/25,COL,SAN,PUNTAPADI,2,3,296,ORBI,Core_RNAlater,Healthy,,,,,012025_COL_SAN_T2_296_ORBI,UML_NARWHAL_R3_B40,,,
278,012025,1/14/25,COL,SAN,PUNTAPADI,2,54,297,OFAV,Core_RNAlater,Anti_D_treated24h_Tissue,,10:09,,,012025_COL_SAN_T2_297_OFAV,UML_NARWHAL_R3_B40,,,
279,012025,1/14/25,COL,SAN,PUNTAPADI,2,54,298,OFAV,Core_RNAlater,Anti_D_treated24h_Margin,,10:10,,,012025_COL_SAN_T2_298_OFAV,UML_NARWHAL_R3_B40,,,
280,012025,1/14/25,COL,SAN,NIRVANA,1,19,168,OFAV,Core_RNAlater,Diseased_Tissue,,,,,012025_COL_SAN_T1_168_OFAV,UML_NARWHAL_R3_B40,,,date on tube is crossed off for most 012025 samples
281,012025,1/14/25,COL,SAN,NIRVANA,1,19,169,OFAV,Core_RNAlater,Diseased_Margin,,,,,012025_COL_SAN_T1_169_OFAV,UML_NARWHAL_R3_B40,,,
282,012025,1/14/25,COL,SAN,NIRVANA,1,23,170,OFAV,Core_RNAlater,Diseased_Tissue,,10:06,,,012025_COL_SAN_T1_170_OFAV,UML_NARWHAL_R3_B40,,,
283,012025,1/14/25,COL,SAN,NIRVANA,1,23,171,OFAV,Core_RNAlater,Diseased_Margin,,,,,012025_COL_SAN_T1_171_OFAV,UML_NARWHAL_R3_B40,,,
284,012025,1/14/25,COL,SAN,NIRVANA,1,18,172,OFAV,Core_RNAlater,Diseased_Tissue,,,,,012025_COL_SAN_T1_172_OFAV,UML_NARWHAL_R3_B40,,,
285,012025,1/14/25,COL,SAN,NIRVANA,1,18,173,OFAV,Core_RNAlater,Diseased_Margin,,,,,012025_COL_SAN_T1_173_OFAV,UML_NARWHAL_R3_B40,,,
286,012025,1/14/25,COL,SAN,NIRVANA,1,22,174,OFAV,Core_RNAlater,Diseased_Tissue,,,,,012025_COL_SAN_T1_174_OFAV,UML_NARWHAL_R3_B40,,,
287,012025,1/14/25,COL,SAN,NIRVANA,1,22,175,OFAV,Core_RNAlater,Diseased_Margin,,,,,012025_COL_SAN_T1_175_OFAV,UML_NARWHAL_R3_B40,,,
288,012025,1/14/25,COL,SAN,NIRVANA,1,24,176,OFAV,Core_RNAlater,Diseased_Tissue,,,,,012025_COL_SAN_T1_176_OFAV,UML_NARWHAL_R3_B40,,,
289,012025,1/14/25,COL,SAN,NIRVANA,1,24,177,OFAV,Core_RNAlater,Diseased_Margin,,,,,012025_COL_SAN_T1_177_OFAV,UML_NARWHAL_R3_B40,,,
290,012025,1/14/25,COL,SAN,NIRVANA,1,66,178,MCAV,Core_RNAlater,Diseased_Tissue,,,,,012025_COL_SAN_T1_178_MCAV,UML_NARWHAL_R3_B40,,,
291,012025,1/14/25,COL,SAN,NIRVANA,1,66,179,MCAV,Core_RNAlater,Diseased_Margin,,,,,012025_COL_SAN_T1_179_MCAV,UML_NARWHAL_R3_B40,,,
292,012025,1/14/25,COL,SAN,NIRVANA,1,68,180,MCAV,Core_RNAlater,Healthy,,,,,012025_COL_SAN_T1_180_MCAV,UML_NARWHAL_R3_B40,,,
293,012025,1/14/25,COL,SAN,NIRVANA,1,53,181,DLAB,Core_RNAlater,Healthy,,,,,012025_COL_SAN_T1_181_DLAB,UML_NARWHAL_R3_B40,,,
294,012025,1/14/25,COL,SAN,NIRVANA,1,52,182,DLAB,Core_RNAlater,Healthy,,,,,012025_COL_SAN_T1_182_DLAB,UML_NARWHAL_R3_B40,,,
295,012025,1/14/25,COL,SAN,NIRVANA,1,70,183,MCAV,Core_RNAlater,Healthy,,,,,012025_COL_SAN_T1_183_MCAV,UML_NARWHAL_R3_B40,,,
296,012025,1/14/25,COL,SAN,NIRVANA,1,24,184,OFAV,Core_RNAlater,Anti_D_treated1h_Tissue,,,,,012025_COL_SAN_T1_184_OFAV,UML_NARWHAL_R3_B40,,,
297,012025,1/14/25,COL,SAN,NIRVANA,1,24,185,OFAV,Core_RNAlater,Anti_D_treated1h_Margin,,,,,012025_COL_SAN_T1_185_OFAV,UML_NARWHAL_R3_B40,,,
298,012025,1/14/25,COL,SAN,NIRVANA,1,66,186,MCAV,Core_RNAlater,Anti_D_treated1h_Tissue,,,,,012025_COL_SAN_T1_186_MCAV,UML_NARWHAL_R3_B40,,,
299,012025,1/14/25,COL,SAN,NIRVANA,1,66,187,MCAV,Core_RNAlater,Anti_D_treated1h_Margin,,,,,012025_COL_SAN_T1_187_MCAV,UML_NARWHAL_R3_B40,,,
300,012025,1/14/25,COL,SAN,NIRVANA,1,64,188,MCAV,Core_RNAlater,Healthy,,,,,012025_COL_SAN_T1_188_MCAV,UML_NARWHAL_R3_B40,,,
301,012025,1/14/25,COL,SAN,NIRVANA,1,49,189,DLAB,Core_RNAlater,Healthy,,,,,012025_COL_SAN_T1_189_DLAB,UML_NARWHAL_R3_B40,,,
302,012025,1/14/25,COL,SAN,NIRVANA,1,50,190,DLAB,Core_RNAlater,Healthy,,,,,012025_COL_SAN_T1_190_DLAB,UML_NARWHAL_R3_B40,,,
303,012025,1/14/25,COL,SAN,NIRVANA,1,62,191,MCAV,Core_RNAlater,Healthy,,,,,012025_COL_SAN_T1_191_MCAV,UML_NARWHAL_R3_B40,,,
304,012025,1/14/25,COL,SAN,NIRVANA,1,31,192,DLAB,Core_RNAlater,Healthy,,,,,012025_COL_SAN_T1_192_DLAB,UML_NARWHAL_R3_B40,,,
305,012025,1/14/25,COL,SAN,NIRVANA,1,30,193,DLAB,Core_RNAlater,Healthy,,,,,012025_COL_SAN_T1_193_DLAB,UML_NARWHAL_R3_B40,,,
306,012025,1/14/25,COL,SAN,NIRVANA,1,63,194,MCAV,Core_RNAlater,Healthy,,12:34,,,012025_COL_SAN_T1_194_MCAV,UML_NARWHAL_R3_B40,,,
307,012025,1/14/25,COL,SAN,NIRVANA,1,69,195,MCAV,Core_RNAlater,Healthy,,12:46,,,012025_COL_SAN_T1_195_MCAV,UML_NARWHAL_R3_B40,,,
308,012025,1/14/25,COL,SAN,NIRVANA,1,19,196,OFAV,Core_RNAlater,Anti_D_treated1h_Tissue,,11:59,,,012025_COL_SAN_T1_196_OFAV,UML_NARWHAL_R3_B40,,,
309,012025,1/14/25,COL,SAN,NIRVANA,1,19,197,OFAV,Core_RNAlater,Anti_D_treated1h_Margin,,,,,012025_COL_SAN_T1_197_OFAV,UML_NARWHAL_R3_B40,,,
310,012025,1/14/25,COL,SAN,NIRVANA,1,23,198,OFAV,Core_RNAlater,Anti_D_treated1h_Tissue,,,,,012025_COL_SAN_T1_198_OFAV,UML_NARWHAL_R3_B40,,,
311,012025,1/14/25,COL,SAN,NIRVANA,1,23,199,OFAV,Core_RNAlater,Anti_D_treated1h_Margin,,,,,012025_COL_SAN_T1_199_OFAV,UML_NARWHAL_R3_B40,,,
312,012025,1/14/25,COL,SAN,NIRVANA,1,21,200,OFAV,Core_RNAlater,Healthy,,,,,012025_COL_SAN_T1_200_OFAV,UML_NARWHAL_R3_B40,,,
313,012025,1/14/25,COL,SAN,NIRVANA,1,51,201,PSTR,Core_RNAlater,Healthy,,13:50,,,012025_COL_SAN_T1_201_PSTR,UML_NARWHAL_R3_B40,,,
314,012025,1/14/25,COL,SAN,NIRVANA,1,65,202,MCAV,Core_RNAlater,Healthy,,,,,012025_COL_SAN_T1_202_MCAV,UML_NARWHAL_R3_B40,,,
315,012025,1/14/25,COL,SAN,NIRVANA,1,61,203,MCAV,Core_RNAlater,Healthy,,,,,012025_COL_SAN_T1_203_MCAV,UML_NARWHAL_R3_B40,,,
316,012025,1/14/25,COL,SAN,NIRVANA,1,20,204,OFAV,Core_RNAlater,Healthy,,13:51,,,012025_COL_SAN_T1_204_OFAV,UML_NARWHAL_R3_B40,,,
317,012025,1/14/25,COL,SAN,NIRVANA,1,56,205,DLAB,Core_RNAlater,Healthy,,14:00,,,012025_COL_SAN_T1_205_DLAB,UML_NARWHAL_R3_B40,,,
318,012025,1/14/25,COL,SAN,NIRVANA,1,67,206,MCAV,Core_RNAlater,Healthy,,,,,012025_COL_SAN_T1_206_MCAV,UML_NARWHAL_R3_B40,,,
319,012025,1/14/25,COL,SAN,NIRVANA,1,18,207,OFAV,Core_RNAlater,Anti_D_treated1h_Margin,,,,,012025_COL_SAN_T1_207_OFAV,UML_NARWHAL_R3_B40,,,
320,012025,1/14/25,COL,SAN,NIRVANA,1,18,208,OFAV,Core_RNAlater,Anti_D_treated1h_Tissue,,,,,012025_COL_SAN_T1_208_OFAV,UML_NARWHAL_R3_B40,,,
321,012025,1/14/25,COL,SAN,NIRVANA,1,22,209,OFAV,Core_RNAlater,Anti_D_treated1h_Margin,,,,,012025_COL_SAN_T1_209_OFAV,UML_NARWHAL_R3_B40,,,
322,012025,1/14/25,COL,SAN,NIRVANA,1,22,210,OFAV,Core_RNAlater,Anti_D_treated1h_Tissue,,9:38,,,012025_COL_SAN_T1_210_OFAV,UML_NARWHAL_R3_B40,,,
323,012025,1/15/25,COL,SAN,ROCOSA,3,67,368,OFAV,Core_RNAlater,Diseased_Tissue,,,,,012025_COL_SAN_T3_368_OFAV,UML_NARWHAL_R3_B41,,,
324,012025,1/15/25,COL,SAN,ROCOSA,3,67,369,OFAV,Core_RNAlater,Diseased_Margin,,,,,012025_COL_SAN_T3_369_OFAV,UML_NARWHAL_R3_B41,,,
325,012025,1/15/25,COL,SAN,ROCOSA,3,68,370,OFAV,Core_RNAlater,Diseased_Tissue,,,,,012025_COL_SAN_T3_370_OFAV,UML_NARWHAL_R3_B41,,,
326,012025,1/15/25,COL,SAN,ROCOSA,3,68,371,OFAV,Core_RNAlater,Diseased_Margin,,,,,012025_COL_SAN_T3_371_OFAV,UML_NARWHAL_R3_B41,,,
327,012025,1/15/25,COL,SAN,ROCOSA,3,60,372,OFAV,Core_RNAlater,Diseased_Margin,,,,,012025_COL_SAN_T3_372_OFAV,UML_NARWHAL_R3_B41,,,
328,012025,1/15/25,COL,SAN,ROCOSA,3,60,373,OFAV,Core_RNAlater,Diseased_Tissue,,,,,012025_COL_SAN_T3_373_OFAV,UML_NARWHAL_R3_B41,,,
329,012025,1/15/25,COL,SAN,ROCOSA,3,35,374,CNAT,Core_RNAlater,Healthy,,,,,012025_COL_SAN_T3_374_CNAT,UML_NARWHAL_R3_B41,,,
330,012025,1/15/25,COL,SAN,ROCOSA,3,63,375,OFAV,Core_RNAlater,Healthy,,,,,012025_COL_SAN_T3_375_OFAV,UML_NARWHAL_R3_B41,,,
331,012025,1/15/25,COL,SAN,ROCOSA,3,62,376,OFAV,Core_RNAlater,Healthy,,,,,012025_COL_SAN_T3_376_OFAV,UML_NARWHAL_R3_B41,,,
332,012025,1/15/25,COL,SAN,ROCOSA,3,59,377,OFAV,Core_RNAlater,Healthy,,,,,012025_COL_SAN_T3_377_OFAV,UML_NARWHAL_R3_B41,,,
333,012025,1/15/25,COL,SAN,ROCOSA,3,33,378,CNAT,Core_RNAlater,Healthy,,,,,012025_COL_SAN_T3_378_CNAT,UML_NARWHAL_R3_B41,,,
334,012025,1/15/25,COL,SAN,ROCOSA,3,29,379,DLAB,Core_RNAlater,Healthy,,,,,012025_COL_SAN_T3_379_DLAB,UML_NARWHAL_R3_B41,,,
335,012025,1/15/25,COL,SAN,ROCOSA,3,58,380,OFAV,Core_RNAlater,Healthy,,,,,012025_COL_SAN_T3_380_OFAV,UML_NARWHAL_R3_B41,,,
336,012025,1/15/25,COL,SAN,ROCOSA,3,64,381,OFAV,Core_RNAlater,Healthy,,,,,012025_COL_SAN_T3_381_OFAV,UML_NARWHAL_R3_B41,,,
337,012025,1/15/25,COL,SAN,ROCOSA,3,60,382,OFAV,Core_RNAlater,Anti_D_treated1h_Margin,,,,,012025_COL_SAN_T3_382_OFAV,UML_NARWHAL_R3_B41,,,
338,012025,1/15/25,COL,SAN,ROCOSA,3,60,383,OFAV,Core_RNAlater,Anti_D_treated1h_Tissue,,,,,012025_COL_SAN_T3_383_OFAV,UML_NARWHAL_R3_B41,,,
339,012025,1/15/25,COL,SAN,ROCOSA,3,66,384,OFAV,Core_RNAlater,Healthy,,,,,012025_COL_SAN_T3_384_OFAV,UML_NARWHAL_R3_B41,,,
340,012025,1/15/25,COL,SAN,ROCOSA,3,34,385,DLAB,Core_RNAlater,Healthy,,,,,012025_COL_SAN_T3_385_DLAB,UML_NARWHAL_R3_B41,,,
341,012025,1/15/25,COL,SAN,ROCOSA,3,28,386,DLAB,Core_RNAlater,Healthy,,,,,012025_COL_SAN_T3_386_DLAB,UML_NARWHAL_R3_B41,,,
342,012025,1/15/25,COL,SAN,ROCOSA,3,27,387,DLAB,Core_RNAlater,Healthy,,,,,012025_COL_SAN_T3_387_DLAB,UML_NARWHAL_R3_B41,,,
343,012025,1/15/25,COL,SAN,ROCOSA,3,92,388,MCAV,Core_RNAlater,Healthy,,,,,012025_COL_SAN_T3_388_MCAV,UML_NARWHAL_R3_B41,,,
344,012025,1/15/25,COL,SAN,ROCOSA,3,67,389,OFAV,Core_RNAlater,Anti_D_treated1h_Tissue,,,,,012025_COL_SAN_T3_389_OFAV,UML_NARWHAL_R3_B41,,,
345,012025,1/15/25,COL,SAN,ROCOSA,3,67,390,OFAV,Core_RNAlater,Anti_D_treated1h_Margin,,,,,012025_COL_SAN_T3_390_OFAV,UML_NARWHAL_R3_B41,,,
346,012025,1/15/25,COL,SAN,ROCOSA,3,68,391,OFAV,Core_RNAlater,Anti_D_treated1h_Tissue,,,,,012025_COL_SAN_T3_391_OFAV,UML_NARWHAL_R3_B41,,,
347,012025,1/15/25,COL,SAN,ROCOSA,3,68,392,OFAV,Core_RNAlater,Anti_D_treated1h_Margin,,,,,012025_COL_SAN_T3_392_OFAV,UML_NARWHAL_R3_B41,,,
348,012025,1/15/25,COL,SAN,ROCOSA,3,91,393,MCAV,Core_RNAlater,Healthy,,,,,012025_COL_SAN_T3_393_MCAV,UML_NARWHAL_R3_B41,,,
349,012025,1/15/25,COL,SAN,ROCOSA,3,15,394,MCAV,Core_RNAlater,Healthy,,,,,012025_COL_SAN_T3_394_MCAV,UML_NARWHAL_R3_B41,,,
350,012025,1/15/25,COL,SAN,ROCOSA,3,16,395,MCAV,Core_RNAlater,Healthy,,,,,012025_COL_SAN_T3_395_MCAV,UML_NARWHAL_R3_B41,,,
351,012025,1/15/25,COL,SAN,ROCOSA,3,99,396,MCAV,Core_RNAlater,Healthy,,,,,012025_COL_SAN_T3_396_MCAV,UML_NARWHAL_R3_B41,,,
352,012025,1/15/25,COL,SAN,ROCOSA,3,100,397,MCAV,Core_RNAlater,Healthy,,,,,012025_COL_SAN_T3_397_MCAV,UML_NARWHAL_R3_B41,,,
353,012025,1/15/25,COL,SAN,ROCOSA,3,94,398,MCAV,Core_RNAlater,Healthy,,,,,012025_COL_SAN_T3_398_MCAV,UML_NARWHAL_R3_B41,,,
354,012025,1/15/25,COL,SAN,ROCOSA,3,93,399,MCAV,Core_RNAlater,Healthy,,,,,012025_COL_SAN_T3_399_MCAV,UML_NARWHAL_R3_B41,,,
355,012025,1/15/25,COL,SAN,ROCOSA,3,95,400,MCAV,Core_RNAlater,Healthy,,,,,012025_COL_SAN_T3_400_MCAV,UML_NARWHAL_R3_B41,,,
356,012025,1/15/25,COL,SAN,NIRVANA,1,71,249,DLAB,Core_RNAlater,Healthy,,10:15,,,012025_COL_SAN_T1_249_DLAB,UML_NARWHAL_R3_B40,,,
357,012025,1/15/25,COL,SAN,NIRVANA,1,72,250,MCAV,Core_RNAlater,Healthy,,,,,012025_COL_SAN_T1_250_MCAV,UML_NARWHAL_R3_B40,,,
358,012025,1/15/25,COL,SAN,NIRVANA,1,73,251,DLAB,Core_RNAlater,Healthy,,,,,012025_COL_SAN_T1_251_DLAB,UML_NARWHAL_R3_B40,,,
359,012025,1/15/25,COL,SAN,NIRVANA,1,16,252,OFAV,Core_RNAlater,Healthy,,,,,012025_COL_SAN_T1_252_OFAV,UML_NARWHAL_R3_B40,,,
360,012025,1/15/25,COL,SAN,NIRVANA,1,18,253,OFAV,Core_RNAlater,Anti_D_treated24h_Tissue,,,,,012025_COL_SAN_T1_253_OFAV,UML_NARWHAL_R3_B40,,,
361,012025,1/15/25,COL,SAN,NIRVANA,1,18,254,OFAV,Core_RNAlater,Anti_D_treated24h_Margin,,,,,012025_COL_SAN_T1_254_OFAV,UML_NARWHAL_R3_B40,,,
362,012025,1/15/25,COL,SAN,NIRVANA,1,22,255,OFAV,Core_RNAlater,Anti_D_treated24h_Tissue,,,,,,,,,"no sample tube, there is a 260 sample that is not listed here"
363,012025,1/15/25,COL,SAN,NIRVANA,1,22,256,OFAV,Core_RNAlater,Anti_D_treated24h_Margin,,,,,012025_COL_SAN_T1_256_OFAV,UML_NARWHAL_R3_B40,,,
364,012025,1/15/25,COL,SAN,NIRVANA,1,24,257,OFAV,Core_RNAlater,Anti_D_treated24h_Tissue,,9:33,,,012025_COL_SAN_T1_257_OFAV,UML_NARWHAL_R3_B40,,,
365,012025,1/15/25,COL,SAN,NIRVANA,1,24,258,OFAV,Core_RNAlater,Anti_D_treated24h_Margin,,,,,012025_COL_SAN_T1_258_OFAV,UML_NARWHAL_R3_B40,,,
366,012025,1/15/25,COL,SAN,NIRVANA,1,66,261,MCAV,Core_RNAlater,Anti_D_treated24h_Margin,,,,,012025_COL_SAN_T1_261_MCAV,UML_NARWHAL_R3_B40,,,
367,012025,1/15/25,COL,SAN,NIRVANA,1,19,262,OFAV,Core_RNAlater,Anti_D_treated24h_Tissue,,,,,012025_COL_SAN_T1_262_OFAV,UML_NARWHAL_R3_B40,,,
368,012025,1/15/25,COL,SAN,NIRVANA,1,19,263,OFAV,Core_RNAlater,Anti_D_treated24h_Margin,,9:59,,,012025_COL_SAN_T1_263_OFAV,UML_NARWHAL_R3_B40,,,
369,012025,1/15/25,COL,SAN,NIRVANA,1,23,264,OFAV,Core_RNAlater,Anti_D_treated24h_Tissue,,,,,012025_COL_SAN_T1_264_OFAV,UML_NARWHAL_R3_B40,,,
370,012025,1/15/25,COL,SAN,NIRVANA,1,23,265,OFAV,Core_RNAlater,Anti_D_treated24h_Margin,,9:24,,,012025_COL_SAN_T1_265_OFAV,UML_NARWHAL_R3_B40,,,
371,012025,1/15/25,COL,SAN,NIRVANA,1,66,267,MCAV,Core_RNAlater,Anti_D_treated24h_Tissue,,9:45,,,012025_COL_SAN_T1_267_MCAV,UML_NARWHAL_R3_B40,,,
372,012025,1/16/25,COL,SAN,ROCOSA,3,98,401,MCAV,Core_RNAlater,Healthy,,,,,012025_COL_SAN_T3_401_MCAV,UML_NARWHAL_R3_B41,,,
373,012025,1/16/25,COL,SAN,ROCOSA,3,17,402,OFAV,Core_RNAlater,Healthy,,,,,012025_COL_SAN_T3_402_OFAV,UML_NARWHAL_R3_B41,,,
374,012025,1/16/25,COL,SAN,ROCOSA,3,67,403,OFAV,Core_RNAlater,Anti_D_treated24h_Tissue,,,,,012025_COL_SAN_T3_403_OFAV,UML_NARWHAL_R3_B41,,,
375,012025,1/16/25,COL,SAN,ROCOSA,3,67,404,OFAV,Core_RNAlater,Anti_D_treated24h_Margin,,,,,012025_COL_SAN_T3_404_OFAV,UML_NARWHAL_R3_B41,,,
376,012025,1/16/25,COL,SAN,ROCOSA,3,68,405,OFAV,Core_RNAlater,Anti_D_treated24h_Tissue,,,,,012025_COL_SAN_T3_405_OFAV,UML_NARWHAL_R3_B41,,,
377,012025,1/16/25,COL,SAN,ROCOSA,3,68,406,OFAV,Core_RNAlater,Anti_D_treated24h_Margin,,,,,012025_COL_SAN_T3_406_OFAV,UML_NARWHAL_R3_B41,,,
378,012025,1/16/25,COL,SAN,PLAZADETOROS,4,22,547,MCAV,Core_RNAlater,Healthy,,,,,012025_COL_SAN_T4_547_MCAV,UML_NARWHAL_R3_B41,,,
379,012025,1/16/25,COL,SAN,PLAZADETOROS,4,56,550,PSTR,Core_RNAlater,Healthy,,,,,012025_COL_SAN_T4_550_PSTR,UML_NARWHAL_R3_B41,,,
380,012025,1/16/25,COL,SAN,PLAZADETOROS,4,55,551,PSTR,Core_RNAlater,Healthy,,,,,012025_COL_SAN_T4_551_PSTR,UML_NARWHAL_R3_B41,,,
381,012025,1/16/25,COL,SAN,PLAZADETOROS,4,49,552,DLAB,Core_RNAlater,Healthy,,,,,012025_COL_SAN_T4_552_DLAB,UML_NARWHAL_R3_B41,,,
382,012025,1/16/25,COL,SAN,PLAZADETOROS,4,23,553,MCAV,Core_RNAlater,Healthy,,13:38,,,012025_COL_SAN_T4_553_MCAV,UML_NARWHAL_R3_B41,,,
383,012025,1/16/25,COL,SAN,PLAZADETOROS,4,67,554,PSTR,Core_RNAlater,Healthy,,,,,012025_COL_SAN_T4_554_PSTR,UML_NARWHAL_R3_B41,,,
384,012025,1/16/25,COL,SAN,PLAZADETOROS,4,66,555,DLAB,Core_RNAlater,Healthy,,,,,012025_COL_SAN_T4_555_DLAB,UML_NARWHAL_R3_B41,,,
385,012025,1/16/25,COL,SAN,PLAZADETOROS,4,72,556,CNAT,Core_RNAlater,Healthy,,,,,012025_COL_SAN_T4_556_CNAT,UML_NARWHAL_R3_B41,,,
386,012025,1/16/25,COL,SAN,ROCOSA,3,60,407,OFAV,Core_RNAlater,Anti_D_treated24h_Tissue,,,,,012025_COL_SAN_T3_407_OFAV,UML_NARWHAL_R3_B41,,,
387,012025,1/16/25,COL,SAN,ROCOSA,3,60,408,OFAV,Core_RNAlater,Anti_D_treated24h_Margin,,,,,012025_COL_SAN_T3_408_OFAV,UML_NARWHAL_R3_B41,,,
388,012025,1/16/25,COL,SAN,PLAZADETOROS,4,71,557,CNAT,Core_RNAlater,Healthy,,,,,012025_COL_SAN_T4_557_CNAT,UML_NARWHAL_R3_B41,,,
389,012025,1/16/25,COL,SAN,PLAZADETOROS,4,94,558,MCAV,Core_RNAlater,Healthy,,,,,012025_COL_SAN_T4_558_MCAV,UML_NARWHAL_R3_B41,,,
390,012025,1/16/25,COL,SAN,PLAZADETOROS,4,95,559,OFAV,Core_RNAlater,Healthy,,,,,012025_COL_SAN_T4_559_OFAV,UML_NARWHAL_R3_B41,,,
391,012025,1/16/25,COL,SAN,PLAZADETOROS,4,57,560,PSTR,Core_RNAlater,Healthy,,,,,012025_COL_SAN_T4_560_PSTR,UML_NARWHAL_R3_B41,,,
392,012025,1/16/25,COL,SAN,PLAZADETOROS,4,18,561,MCAV,Core_RNAlater,Healthy,,,,,012025_COL_SAN_T4_561_MCAV,UML_NARWHAL_R3_B41,,,
393,012025,1/16/25,COL,SAN,PLAZADETOROS,4,20,562,MCAV,Core_RNAlater,Healthy,,,,,012025_COL_SAN_T4_562_MCAV,UML_NARWHAL_R3_B41,,,
394,012025,1/16/25,COL,SAN,PLAZADETOROS,4,68,563,DLAB,Core_RNAlater,Healthy,,,,,012025_COL_SAN_T4_563_DLAB,UML_NARWHAL_R3_B41,,,
395,012025,1/16/25,COL,SAN,PLAZADETOROS,4,69,564,MCAV,Core_RNAlater,Healthy,,,,,012025_COL_SAN_T4_564_MCAV,UML_NARWHAL_R3_B41,,,
396,012025,1/16/25,COL,SAN,PLAZADETOROS,4,69,565,MCAV,Core_RNAlater,Healthy,,,,,012025_COL_SAN_T4_565_MCAV,UML_NARWHAL_R3_B41,,,
397,012025,1/16/25,COL,SAN,PLAZADETOROS,4,70,566,PSTR,Core_RNAlater,Healthy,,,,,012025_COL_SAN_T4_566_PSTR,UML_NARWHAL_R3_B41,,,
398,012025,1/16/25,COL,SAN,PLAZADETOROS,4,17,567,MCAV,Core_RNAlater,Healthy,,,,,012025_COL_SAN_T4_567_MCAV,UML_NARWHAL_R3_B41,,,
399,012025,1/16/25,COL,SAN,PLAZADETOROS,4,21,818,MCAV,Core_RNAlater,Healthy,,,,,012025_COL_SAN_T4_818_MCAV,UML_NARWHAL_R3_B41,,,
400,012025,1/16/25,COL,SAN,PLAZADETOROS,4,98,819,OFAV,Core_RNAlater,Healthy,,,,,012025_COL_SAN_T4_819_OFAV,UML_NARWHAL_R3_B41,,,
401,012025,1/16/25,COL,SAN,PLAZADETOROS,4,82,820,OFAV,Core_RNAlater,Healthy,,,,,012025_COL_SAN_T4_820_OFAV,UML_NARWHAL_R3_B41,,,
402,012025,1/16/25,COL,SAN,PLAZADETOROS,4,97,821,OFAV,Core_RNAlater,Healthy,,,,,012025_COL_SAN_T4_821_OFAV,UML_NARWHAL_R3_B41,,,
403,012025,1/16/25,COL,SAN,PLAZADETOROS,4,96,822,OFAV,Core_RNAlater,Healthy,,,,,012025_COL_SAN_T4_822_OFAV,UML_NARWHAL_R3_B41,,,
404,012025,1/16/25,COL,SAN,PLAZADETOROS,4,63,823,CNAT,Core_RNAlater,Healthy,,,,,012025_COL_SAN_T4_823_CNAT,UML_NARWHAL_R3_B41,,,
405,012025,1/16/25,COL,SAN,PLAZADETOROS,4,24,824,MCAV,Core_RNAlater,Healthy,,,,,012025_COL_SAN_T4_824_MCAV,UML_NARWHAL_R3_B41,,,
406,012025,1/16/25,COL,SAN,PLAZADETOROS,4,93,825,OFAV,Core_RNAlater,Healthy,,14:28,,,012025_COL_SAN_T4_825_OFAV,UML_NARWHAL_R3_B41,,,
407,012025,1/16/25,COL,SAN,PLAZADETOROS,4,51,833,DLAB,Core_RNAlater,Healthy,,,,,,,,,missing?
408,012025,1/16/25,COL,SAN,PLAZADETOROS,4,25,834,MCAV,Core_RNAlater,Healthy,,,,,,,,,missing?
409,012025,1/17/25,COL,SAN,ELARBOL,5,2,591,MCAV,Core_RNAlater,Healthy,,,,,012025_COL_SAN_T5_591_MCAV,UML_NARWHAL_R3_B42,,8/1/25,
410,012025,1/17/25,COL,SAN,ELARBOL,5,3,595,MCAV,Core_RNAlater,Healthy,,,,,012025_COL_SAN_T5_595_MCAV,UML_NARWHAL_R3_B42,,8/1/25,
411,012025,1/17/25,COL,SAN,ELARBOL,5,5,581,MCAV,Core_RNAlater,Healthy,,,,,012025_COL_SAN_T5_581_MCAV,UML_NARWHAL_R3_B42,,8/1/25,
412,012025,1/17/25,COL,SAN,ELARBOL,5,6,589,MCAV,Core_RNAlater,Healthy,,,,,012025_COL_SAN_T5_589_MCAV,UML_NARWHAL_R3_B42,,8/1/25,
413,012025,1/17/25,COL,SAN,ELARBOL,5,7,583,MCAV,Core_RNAlater,Healthy,,,,,012025_COL_SAN_T5_583_MCAV,UML_NARWHAL_R3_B42,,8/1/25,
414,012025,1/17/25,COL,SAN,ELARBOL,5,8,588,MCAV,Core_RNAlater,Healthy,,,,,012025_COL_SAN_T5_588_MCAV,UML_NARWHAL_R3_B42,,8/1/25,
415,012025,1/17/25,COL,SAN,ELARBOL,5,9,594,MCAV,Core_RNAlater,Healthy,,,,,012025_COL_SAN_T5_594_MCAV,UML_NARWHAL_R3_B42,,8/1/25,
416,012025,1/17/25,COL,SAN,ELARBOL,5,10,578,MCAV,Core_RNAlater,Healthy,,,,,012025_COL_SAN_T5_578_MCAV,UML_NARWHAL_R3_B42,,8/1/25,
417,012025,1/17/25,COL,SAN,ELARBOL,5,11,582,PSTR,Core_RNAlater,Healthy,,,,,012025_COL_SAN_T5_582_PSTR,UML_NARWHAL_R3_B42,,8/1/25,
418,012025,1/17/25,COL,SAN,ELARBOL,5,13,593,MCAV,Core_RNAlater,Healthy,,,,,012025_COL_SAN_T5_593_MCAV,UML_NARWHAL_R3_B42,,8/1/25,
419,012025,1/17/25,COL,SAN,ELARBOL,5,14,574,MCAV,Core_RNAlater,Healthy,,,,,012025_COL_SAN_T5_574_MCAV,UML_NARWHAL_R3_B42,,8/1/25,
420,012025,1/17/25,COL,SAN,ELARBOL,5,22,584,OFAV,Core_RNAlater,Healthy,,,,,012025_COL_SAN_T5_584_OFAV,UML_NARWHAL_R3_B42,,8/1/25,
421,012025,1/17/25,COL,SAN,ELARBOL,5,23,580,OFAV,Core_RNAlater,Healthy,,,,,012025_COL_SAN_T5_580_OFAV,UML_NARWHAL_R3_B42,,8/1/25,no RNA later in sample tube
422,012025,1/17/25,COL,SAN,ELARBOL,5,24,585,OFAV,Core_RNAlater,Healthy,,,,,012025_COL_SAN_T5_585_OFAV,UML_NARWHAL_R3_B42,,8/1/25,
423,012025,1/17/25,COL,SAN,ELARBOL,5,28,572,OFAV,Core_RNAlater,Healthy,,,,,012025_COL_SAN_T5_572_OFAV,UML_NARWHAL_R3_B42,,8/1/25,
424,012025,1/17/25,COL,SAN,ELARBOL,5,29,596,OFAV,Core_RNAlater,Healthy,,,,,012025_COL_SAN_T5_596_OFAV,UML_NARWHAL_R3_B42,,8/1/25,"sample not recorded in datasheets, but pretty sure this sample is from OFAV 29"
425,012025,1/17/25,COL,SAN,ELARBOL,5,37,568,OFAV,Core_RNAlater,Healthy,,,,,012025_COL_SAN_T5_568_OFAV,UML_NARWHAL_R3_B42,,8/1/25,
426,012025,1/17/25,COL,SAN,ELARBOL,5,58,590,PSTR,Core_RNAlater,Healthy,,,,,012025_COL_SAN_T5_590_PSTR,UML_NARWHAL_R3_B42,,8/1/25,
427,012025,1/17/25,COL,SAN,ELARBOL,5,59,592,PSTR,Core_RNAlater,Healthy,,,,,012025_COL_SAN_T5_592_PSTR,UML_NARWHAL_R3_B42,,8/1/25,
428,012025,1/17/25,COL,SAN,ELARBOL,5,81,586,DLAB,Core_RNAlater,Healthy,,,,,012025_COL_SAN_T5_586_DLAB,UML_NARWHAL_R3_B42,,8/1/25,
429,012025,1/17/25,COL,SAN,ELARBOL,5,87,570,DLAB,Core_RNAlater,Healthy,,,,,012025_COL_SAN_T5_570_DLAB,UML_NARWHAL_R3_B42,,8/1/25,
430,012025,1/17/25,COL,SAN,ELARBOL,5,82,587,PSTR,Core_RNAlater,Healthy,,,,,012025_COL_SAN_T5_587_PSTR,UML_NARWHAL_R3_B42,,8/1/25,
431,012025,1/17/25,COL,SAN,ELARBOL,5,85,577,PSTR,Core_RNAlater,Healthy,,,,,012025_COL_SAN_T5_577_PSTR,UML_NARWHAL_R3_B42,,8/1/25,
432,012025,1/17/25,COL,SAN,ELARBOL,5,86,575,DLAB,Core_RNAlater,Healthy,,,,,012025_COL_SAN_T5_575_DLAB,UML_NARWHAL_R3_B42,,8/1/25,
433,012025,1/17/25,COL,SAN,ELARBOL,5,88,571,DLAB,Core_RNAlater,Healthy,,,,,012025_COL_SAN_T5_571_DLAB,UML_NARWHAL_R3_B42,,8/1/25,
434,012025,1/17/25,COL,SAN,ELARBOL,5,94,569,DLAB,Core_RNAlater,Healthy,,,,,012025_COL_SAN_T5_569_DLAB,UML_NARWHAL_R3_B42,,8/1/25,
435,012025,1/17/25,COL,SAN,ELARBOL,5,96,573,PSTR,Core_RNAlater,Healthy,,,,,012025_COL_SAN_T5_573_PSTR,UML_NARWHAL_R3_B42,,8/1/25,
436,012025,1/17/25,COL,SAN,ELARBOL,5,97,576,PSTR,Core_RNAlater,Healthy,,,,,012025_COL_SAN_T5_576_PSTR,UML_NARWHAL_R3_B42,,8/1/25,
437,012025,1/17/25,COL,SAN,ELARBOL,5,99,579,DLAB,Core_RNAlater,Healthy,,,,,012025_COL_SAN_T5_576_PSTR,UML_NARWHAL_R3_B42,,8/1/25,
438,012025,1/21/25,COL,SAN,PLAZADETOROS,4,91,826,OFAV,Core_RNAlater,Healthy,,,,,012025_COL_SAN_T4_826_OFAV,UML_NARWHAL_R3_B41,,,
439,012025,1/21/25,COL,SAN,PLAZADETOROS,4,19,827,MCAV,Core_RNAlater,Healthy,,,,,012025_COL_SAN_T4_827_MCAV,UML_NARWHAL_R3_B41,,,
440,032026,3/10/26,COL,SAN,ROCOSA,3,98,989,MCAV,Core_RNAlater,Healthy,,10:38,11:44,,032026_COL_SAN_T3_989_MCAV,UML_NARWHAL_R9_B54,,,
441,032026,3/10/26,COL,SAN,ROCOSA,3,34,990,DLAB,Core_RNAlater,Healthy,,10:40,11:45,,032026_COL_SAN_T3_990_DLAB,UML_NARWHAL_R9_B54,,,
442,032026,3/10/26,COL,SAN,ROCOSA,3,35,991,CNAT,Core_RNAlater,Healthy,,10:42,11:46,,032026_COL_SAN_T3_991_CNAT,UML_NARWHAL_R9_B54,,,
443,032026,3/10/26,COL,SAN,ROCOSA,3,33,992,CNAT,Core_RNAlater,Healthy,,10:45,11:47,,032026_COL_SAN_T3_992_CNAT,UML_NARWHAL_R9_B54,,,
444,032026,3/10/26,COL,SAN,ROCOSA,3,29,993,DLAB,Core_RNAlater,Healthy,,10:50,11:48,,032026_COL_SAN_T3_993_DLAB,UML_NARWHAL_R9_B54,,,
445,032026,3/10/26,COL,SAN,PLAZADETOROS,4,17,1240,MCAV,Core_RNAlater,Healthy,,13:47,14:17,,032026_COL_SAN_T4_1240_MCAV,UML_NARWHAL_R9_B52,,,
446,032026,3/10/26,COL,SAN,PLAZADETOROS,4,18,1241,MCAV,Core_RNAlater,Healthy,,13:41,14:08,,032026_COL_SAN_T4_1241_MCAV,UML_NARWHAL_R9_B52,,,
447,032026,3/10/26,COL,SAN,PLAZADETOROS,4,19,1226,MCAV,Core_RNAlater,Healthy,,13:27,13:59,DC,032026_COL_SAN_T4_1226_MCAV,UML_NARWHAL_R9_B52,,,
448,032026,3/10/26,COL,SAN,PLAZADETOROS,4,20,1242,MCAV,Core_RNAlater,Healthy,,16:00,16:26,,032026_COL_SAN_T4_1242_MCAV,UML_NARWHAL_R9_B52,,,
449,032026,3/10/26,COL,SAN,PLAZADETOROS,4,21,1235,MCAV,Core_RNAlater,Healthy,,13:06,14:14,,032026_COL_SAN_T4_1235_MCAV,UML_NARWHAL_R9_B52,,,
450,032026,3/10/26,COL,SAN,PLAZADETOROS,4,22,1236,MCAV,Core_RNAlater,Healthy,,13:09,14:14,,032026_COL_SAN_T4_1236_MCAV,UML_NARWHAL_R9_B52,,,
451,032026,3/10/26,COL,SAN,PLAZADETOROS,4,23,1229,MCAV,Core_RNAlater,Healthy,,13:00,14:00,,032026_COL_SAN_T4_1229_MCAV,UML_NARWHAL_R9_B52,,,
452,032026,3/10/26,COL,SAN,ROCOSA,3,16,983,MCAV,Core_RNAlater,Healthy,,10:40,11:30,,032026_COL_SAN_T3_983_MCAV,UML_NARWHAL_R9_B54,,,
453,032026,3/10/26,COL,SAN,ROCOSA,3,15,984,MCAV,Core_RNAlater,Healthy,,10:45,11:31,,032026_COL_SAN_T3_984_MCAV,UML_NARWHAL_R9_B54,,,
454,032026,3/10/26,COL,SAN,ROCOSA,3,99,985,MCAV,Core_RNAlater,Healthy,,10:58,11:32,,032026_COL_SAN_T3_985_MCAV,UML_NARWHAL_R9_B54,,,
455,032026,3/10/26,COL,SAN,ROCOSA,3,100,986,MCAV,Core_RNAlater,Healthy,,11:05,11:32,,032026_COL_SAN_T3_986_MCAV,UML_NARWHAL_R9_B54,,,
456,032026,3/10/26,COL,SAN,ROCOSA,3,91,987,MCAV,Core_RNAlater,Healthy,,10:10,10:30,,032026_COL_SAN_T3_987_MCAV,UML_NARWHAL_R9_B54,,,
457,032026,3/10/26,COL,SAN,ROCOSA,3,92,988,MCAV,Core_RNAlater,Healthy,,10:20,10:31,white encrusting sponge ,032026_COL_SAN_T3_988_MCAV,UML_NARWHAL_R9_B54,,,
458,032026,3/10/26,COL,SAN,PLAZADETOROS,4,24,1234,MCAV,Core_RNAlater,Healthy,,13:40,14:06,,032026_COL_SAN_T4_1234_MCAV,UML_NARWHAL_R9_B52,,,
459,032026,3/10/26,COL,SAN,PLAZADETOROS,4,25,1243,MCAV,Core_RNAlater,Healthy,,15:52,16:25,,032026_COL_SAN_T4_1243_MCAV,UML_NARWHAL_R9_B52,,,
460,032026,3/10/26,COL,SAN,ROCOSA,3,27,994,DLAB,Core_RNAlater,Healthy,,10:39,11:05,,032026_COL_SAN_T3_994_DLAB,UML_NARWHAL_R9_B54,,,
461,032026,3/10/26,COL,SAN,ROCOSA,3,28,995,DLAB,Core_RNAlater,Healthy,,10:49,11:05,,032026_COL_SAN_T3_995_DLAB,UML_NARWHAL_R9_B54,,,
462,032026,3/10/26,COL,SAN,ROCOSA,3,95,996,MCAV,Core_RNAlater,Healthy,,10:56,11:06,,032026_COL_SAN_T3_996_MCAV,UML_NARWHAL_R9_B54,,,
463,032026,3/10/26,COL,SAN,ROCOSA,3,93,997,MCAV,Core_RNAlater,Healthy,,10:59,11:06,,032026_COL_SAN_T3_997_MCAV,UML_NARWHAL_R9_B54,,,
464,032026,3/10/26,COL,SAN,ROCOSA,3,94,998,MCAV,Core_RNAlater,Healthy,,11:05,11:07,,032026_COL_SAN_T3_998_MCAV,UML_NARWHAL_R9_B54,,,
465,032026,3/10/26,COL,SAN,PLAZADETOROS,4,51,1237,DLAB,Core_RNAlater,Healthy,,13:27,14:15,,032026_COL_SAN_T4_1237_DLAB,UML_NARWHAL_R9_B52,,,
466,032026,3/10/26,COL,SAN,PLAZADETOROS,4,55,1227,PSTR,Core_RNAlater,Healthy,,13:39,14:00,,032026_COL_SAN_T4_1227_PSTR,UML_NARWHAL_R9_B52,,,
467,032026,3/10/26,COL,SAN,PLAZADETOROS,4,56,1228,PSTR,Core_RNAlater,Healthy,,13:50,14:01,,032026_COL_SAN_T4_1228_PSTR,UML_NARWHAL_R9_B52,,,
468,032026,3/10/26,COL,SAN,PLAZADETOROS,4,57,1225,PSTR,Core_RNAlater,Healthy,,13:23,13:58,,032026_COL_SAN_T4_1225_PSTR,UML_NARWHAL_R9_B52,,,
469,032026,3/10/26,COL,SAN,PLAZADETOROS,4,63,1233,CNAT,Core_RNAlater,Healthy,,13:36,14:05,,032026_COL_SAN_T4_1233_CNAT,UML_NARWHAL_R9_B52,,,
470,032026,3/10/26,COL,SAN,PLAZADETOROS,4,66,1230,DLAB,Core_RNAlater,Healthy,,13:05,14:01,,032026_COL_SAN_T4_1230_DLAB,UML_NARWHAL_R9_B52,,,
471,032026,3/10/26,COL,SAN,PLAZADETOROS,4,69,1239,MCAV,Core_RNAlater,Healthy,,13:41,14:16,,032026_COL_SAN_T4_1239_MCAV,UML_NARWHAL_R9_B52,,,
472,032026,3/10/26,COL,SAN,PLAZADETOROS,4,70,1238,DLAB,Core_RNAlater,Healthy,,13:35,14:16,,032026_COL_SAN_T4_1238_DLAB,UML_NARWHAL_R9_B52,,,
473,032026,3/10/26,COL,SAN,PLAZADETOROS,4,71,1231,CNAT,Core_RNAlater,Healthy,,13:11,14:03,,032026_COL_SAN_T4_1231_CNAT,UML_NARWHAL_R9_B52,,,
474,032026,3/10/26,COL,SAN,PLAZADETOROS,4,72,1232,CNAT,Core_RNAlater,Healthy,,13:30,14:04,,032026_COL_SAN_T4_1232_CNAT,UML_NARWHAL_R9_B52,,,
475,032026,3/11/26,COL,SAN,PLAZADETOROS,4,27,1263,OANN,Core_RNAlater,Diseased_Margin,,,,,032026_COL_SAN_T4_1263_OANN,UML_NARWHAL_R9_B52,,,
476,032026,3/11/26,COL,SAN,PLAZADETOROS,4,27,1262,OANN,Core_RNAlater,Diseased_Tissue,,,,,032026_COL_SAN_T4_1262_OANN,UML_NARWHAL_R9_B52,,,
477,032026,3/11/26,COL,SAN,PLAZADETOROS,4,27,1289,OANN,Core_RNAlater,Diseased_Tissue,Pro_D_control2h,1:17,3:28,,032026_COL_SAN_T4_1289_OANN,UML_NARWHAL_R9_B52,,,
478,032026,3/11/26,COL,SAN,PLAZADETOROS,4,28,1261,OFAV,Core_RNAlater,Diseased_Margin,,,,,032026_COL_SAN_T4_1261_OFAV,UML_NARWHAL_R9_B52,,,
479,032026,3/11/26,COL,SAN,PLAZADETOROS,4,28,1260,OFAV,Core_RNAlater,Diseased_Tissue,,,,,032026_COL_SAN_T4_1260_OFAV,UML_NARWHAL_R9_B52,,,
480,032026,3/11/26,COL,SAN,PLAZADETOROS,4,28,1280,OFAV,Core_RNAlater,Diseased_Tissue,Pro_D_treated2h,15:10,,,032026_COL_SAN_T4_1280_OFAV,UML_NARWHAL_R9_B52,,,
481,032026,3/11/26,COL,SAN,PLAZADETOROS,4,29,1259,OFRA,Core_RNAlater,Diseased_Margin,,,,,032026_COL_SAN_T4_1259_OFRA,UML_NARWHAL_R9_B52,,,
482,032026,3/11/26,COL,SAN,PLAZADETOROS,4,29,1258,OFRA,Core_RNAlater,Diseased_Tissue,,,,,032026_COL_SAN_T4_1258_OFRA,UML_NARWHAL_R9_B52,,,
483,032026,3/11/26,COL,SAN,PLAZADETOROS,4,29,1290,OFRA,Core_RNAlater,Diseased_Tissue,Pro_D_control2h,1:10,3:17,,032026_COL_SAN_T4_1290_OFRA,UML_NARWHAL_R9_B52,,,
484,032026,3/11/26,COL,SAN,PLAZADETOROS,4,30,1257,OFAV,Core_RNAlater,Diseased_Margin,,,,,032026_COL_SAN_T4_1257_OFAV,UML_NARWHAL_R9_B52,,,
485,032026,3/11/26,COL,SAN,PLAZADETOROS,4,30,1256,OFAV,Core_RNAlater,Diseased_Tissue,,,,,032026_COL_SAN_T4_1256_OFAV,UML_NARWHAL_R9_B52,,,
486,032026,3/11/26,COL,SAN,PLAZADETOROS,4,30,1291,OFRA,Core_RNAlater,Diseased_Tissue,Pro_D_control2h,1:13,3:20,,032026_COL_SAN_T4_1291_OFRA,UML_NARWHAL_R9_B52,,,
487,032026,3/11/26,COL,SAN,PLAZADETOROS,4,38,1272,OANN,Core_RNAlater,Diseased_Margin,,,,,032026_COL_SAN_T4_1272_OANN,UML_NARWHAL_R9_B52,,,
488,032026,3/11/26,COL,SAN,PLAZADETOROS,4,38,1273,OANN,Core_RNAlater,Diseased_Tissue,,,,,032026_COL_SAN_T4_1273_OANN,UML_NARWHAL_R9_B52,,,
489,032026,3/11/26,COL,SAN,PLAZADETOROS,4,38,1283,OANN,Core_RNAlater,Diseased_Tissue,Pro_D_treated2h,15:08,,,032026_COL_SAN_T4_1283_OANN,UML_NARWHAL_R9_B52,,,
490,032026,3/11/26,COL,SAN,PLAZADETOROS,4,39,1270,OANN,Core_RNAlater,Diseased_Margin,,,,,032026_COL_SAN_T4_1270_OANN,UML_NARWHAL_R9_B52,,,
491,032026,3/11/26,COL,SAN,PLAZADETOROS,4,39,1271,OANN,Core_RNAlater,Diseased_Tissue,,,,,032026_COL_SAN_T4_1271_OANN,UML_NARWHAL_R9_B52,,,
492,032026,3/11/26,COL,SAN,PLAZADETOROS,4,39,1293,OANN,Core_RNAlater,Diseased_Tissue,Pro_D_control2h,1:19,3:30,,032026_COL_SAN_T4_1293_OANN,UML_NARWHAL_R9_B52,,,
493,032026,3/11/26,COL,SAN,PLAZADETOROS,4,40,1268,OANN,Core_RNAlater,Diseased_Margin,,,,,032026_COL_SAN_T4_1268_OANN,UML_NARWHAL_R9_B52,,,
494,032026,3/11/26,COL,SAN,PLAZADETOROS,4,40,1269,OANN,Core_RNAlater,Diseased_Tissue,,,,,032026_COL_SAN_T4_1269_OANN,UML_NARWHAL_R9_B52,,,
495,032026,3/11/26,COL,SAN,PLAZADETOROS,4,40,1281,OANN,Core_RNAlater,Diseased_Tissue,Pro_D_treated2h,15:23,,,032026_COL_SAN_T4_1281_OANN,UML_NARWHAL_R9_B52,,,
496,032026,3/11/26,COL,SAN,PLAZADETOROS,4,41,1266,OANN,Core_RNAlater,Diseased_Margin,,,,,032026_COL_SAN_T4_1266_OANN,UML_NARWHAL_R9_B52,,,
497,032026,3/11/26,COL,SAN,PLAZADETOROS,4,41,1267,OANN,Core_RNAlater,Diseased_Tissue,,,,,032026_COL_SAN_T4_1267_OANN,UML_NARWHAL_R9_B52,,,
498,032026,3/11/26,COL,SAN,PLAZADETOROS,4,41,1292,OANN,Core_RNAlater,Diseased_Tissue,Pro_D_control2h,1:24,3:40,,032026_COL_SAN_T4_1292_OANN,UML_NARWHAL_R9_B52,,,
499,032026,3/11/26,COL,SAN,PLAZADETOROS,4,42,1264,OANN,Core_RNAlater,Diseased_Margin,,,,,032026_COL_SAN_T4_1264_OANN,UML_NARWHAL_R9_B52,,,
500,032026,3/11/26,COL,SAN,PLAZADETOROS,4,42,1265,OANN,Core_RNAlater,Diseased_Tissue,,,,,032026_COL_SAN_T4_1265_OANN,UML_NARWHAL_R9_B52,,,
501,032026,3/11/26,COL,SAN,PLAZADETOROS,4,42,1282,OANN,Core_RNAlater,Diseased_Tissue,Pro_D_treated2h,15:29,,,032026_COL_SAN_T4_1282_OANN,UML_NARWHAL_R9_B52,,,
502,032026,3/11/26,COL,SAN,PLAZADETOROS,4,52,1249,OFRA,Core_RNAlater,Healthy,,10:35,,,032026_COL_SAN_T4_1249_OFRA,UML_NARWHAL_R9_B52,,,
503,032026,3/11/26,COL,SAN,PLAZADETOROS,4,52,1287,OFRA,Core_RNAlater,Healthy,Pro_H_control2h,,,,032026_COL_SAN_T4_1287_OFRA,UML_NARWHAL_R9_B52,,,
504,032026,3/11/26,COL,SAN,PLAZADETOROS,4,53,1250,OFAV,Core_RNAlater,Healthy,,10:48,,,032026_COL_SAN_T4_1250_OFAV,UML_NARWHAL_R9_B52,,,
505,032026,3/11/26,COL,SAN,PLAZADETOROS,4,53,1275,OFAV,Core_RNAlater,Healthy,Pro_H_treated2h,15:31,,,032026_COL_SAN_T4_1275_OFAV,UML_NARWHAL_R9_B52,,,
506,032026,3/11/26,COL,SAN,PLAZADETOROS,4,54,1251,OFAV,Core_RNAlater,Healthy,,10:55,,,032026_COL_SAN_T4_1251_OFAV,UML_NARWHAL_R9_B52,,,
507,032026,3/11/26,COL,SAN,PLAZADETOROS,4,54,1285,OFAV,Core_RNAlater,Healthy,Pro_H_control2h,,,,032026_COL_SAN_T4_1285_OFAV,UML_NARWHAL_R9_B52,,,
508,032026,3/11/26,COL,SAN,PLAZADETOROS,4,58,1252,OANN,Core_RNAlater,Healthy,,11:06,,,032026_COL_SAN_T4_1252_OANN,UML_NARWHAL_R9_B52,,,
509,032026,3/11/26,COL,SAN,PLAZADETOROS,4,58,1276,OANN,Core_RNAlater,Healthy,Pro_H_treated2h,13:05,,,032026_COL_SAN_T4_1276_OANN,UML_NARWHAL_R9_B52,,,
510,032026,3/11/26,COL,SAN,PLAZADETOROS,4,59,1253,OANN,Core_RNAlater,Healthy,,11:10,,,032026_COL_SAN_T4_1253_OANN,UML_NARWHAL_R9_B52,,,
511,032026,3/11/26,COL,SAN,PLAZADETOROS,4,59,1286,OANN,Core_RNAlater,Healthy,Pro_H_control5d,,,,032026_COL_SAN_T4_1286_OANN,UML_NARWHAL_R9_B52,,,
512,032026,3/11/26,COL,SAN,PLAZADETOROS,4,90,,OFAV,Core_RNAlater,Dead,,,,,,,,,
513,032026,3/11/26,COL,SAN,PLAZADETOROS,4,91,1248,OFRA,Core_RNAlater,Healthy,,11:20,,,032026_COL_SAN_T4_1248_OFRA,UML_NARWHAL_R9_B52,,,
514,032026,3/11/26,COL,SAN,PLAZADETOROS,4,91,1277,OFRA,Core_RNAlater,Healthy,Pro_H_treated2h,15:26,,,032026_COL_SAN_T4_1277_OFRA,UML_NARWHAL_R9_B52,,,
515,032026,3/11/26,COL,SAN,PLAZADETOROS,4,92,1246,OFAV,Core_RNAlater,Healthy,,10:55,,,032026_COL_SAN_T4_1246_OFAV,UML_NARWHAL_R9_B52,,,
516,032026,3/11/26,COL,SAN,PLAZADETOROS,4,92,1274,OFAV,Core_RNAlater,Healthy,Pro_H_treated2h,15:16,,,032026_COL_SAN_T4_1274_OFAV,UML_NARWHAL_R9_B52,,,
517,032026,3/11/26,COL,SAN,PLAZADETOROS,4,93,1244,OFAV,Core_RNAlater,Healthy,,10:40,,,032026_COL_SAN_T4_1244_OFAV,UML_NARWHAL_R9_B52,,,
518,032026,3/11/26,COL,SAN,PLAZADETOROS,4,93,1284,OFAV,Core_RNAlater,Healthy,Pro_H_control2h,,,,032026_COL_SAN_T4_1284_OFAV,UML_NARWHAL_R9_B52,,,
519,032026,3/11/26,COL,SAN,PLAZADETOROS,4,94,1255,OFAV,Core_RNAlater,Diseased_Margin,,10:28,,,032026_COL_SAN_T4_1255_OFAV,UML_NARWHAL_R9_B52,,,
520,032026,3/11/26,COL,SAN,PLAZADETOROS,4,94,1254,OFAV,Core_RNAlater,Diseased_Tissue,,10:25,,,032026_COL_SAN_T4_1254_OFAV,UML_NARWHAL_R9_B52,,,
521,032026,3/11/26,COL,SAN,PLAZADETOROS,4,94,1279,OFAV,Core_RNAlater,Diseased_Tissue,Pro_D_treated2h,15:20,,,032026_COL_SAN_T4_1279_OFAV,UML_NARWHAL_R9_B52,,,
522,032026,3/11/26,COL,SAN,PLAZADETOROS,4,97,1245,OFAV,Core_RNAlater,Healthy,,10:45,,,032026_COL_SAN_T4_1245_OFAV,UML_NARWHAL_R9_B52,,,
523,032026,3/11/26,COL,SAN,PLAZADETOROS,4,97,1288,OFAV,Core_RNAlater,Healthy,Pro_H_control2h,,,,032026_COL_SAN_T4_1288_OFAV,UML_NARWHAL_R9_B52,,,
524,032026,3/11/26,COL,SAN,PLAZADETOROS,4,98,1247,OFAV,Core_RNAlater,Healthy,,11:10,,,032026_COL_SAN_T4_1247_OFAV,UML_NARWHAL_R9_B52,,,
525,032026,3/11/26,COL,SAN,PLAZADETOROS,4,98,1278,OFAV,Core_RNAlater,Healthy,Pro_H_treated2h,15:21,,,032026_COL_SAN_T4_1278_OFAV,UML_NARWHAL_R9_B52,,,
526,032026,3/12/26,COL,SAN,ROCOSA,3,1,999,OANN,Core_RNAlater,Diseased_Tissue,,,,,032026_COL_SAN_T3_999_OANN,UML_NARWHAL_R9_B54,,,
527,032026,3/12/26,COL,SAN,ROCOSA,3,1,1000,OANN,Core_RNAlater,Diseased_Margin,,,,,032026_COL_SAN_T3_1000_OANN,UML_NARWHAL_R9_B54,,,
528,032026,3/12/26,COL,SAN,ROCOSA,3,2,1001,OANN,Core_RNAlater,Diseased_Tissue,,,,,032026_COL_SAN_T3_1001_OANN,UML_NARWHAL_R9_B54,,,
529,032026,3/12/26,COL,SAN,ROCOSA,3,2,1002,OANN,Core_RNAlater,Diseased_Margin,,,,,032026_COL_SAN_T3_1002_OANN,UML_NARWHAL_R9_B54,,,
530,032026,3/12/26,COL,SAN,ROCOSA,3,3,1003,OANN,Core_RNAlater,Diseased_Tissue,,,,,032026_COL_SAN_T3_1003_OANN,UML_NARWHAL_R9_B53,,,
531,032026,3/12/26,COL,SAN,ROCOSA,3,3,1004,OANN,Core_RNAlater,Diseased_Margin,,,,,032026_COL_SAN_T3_1004_OANN,UML_NARWHAL_R9_B53,,,
532,032026,3/12/26,COL,SAN,ROCOSA,3,4,1005,OANN,Core_RNAlater,Diseased_Tissue,,,,,032026_COL_SAN_T3_1005_OANN,UML_NARWHAL_R9_B53,,,
533,032026,3/12/26,COL,SAN,ROCOSA,3,4,1006,OANN,Core_RNAlater,Diseased_Margin,,,,,032026_COL_SAN_T3_1006_OANN,UML_NARWHAL_R9_B53,,,
534,032026,3/12/26,COL,SAN,ROCOSA,3,67,1007,OFAV,Core_RNAlater,Diseased_Tissue,,,,,032026_COL_SAN_T3_1007_OFAV,UML_NARWHAL_R9_B53,,,
535,032026,3/12/26,COL,SAN,ROCOSA,3,67,1008,OFAV,Core_RNAlater,Pale,,,,,032026_COL_SAN_T3_1008_OFAV,UML_NARWHAL_R9_B53,,,
536,032026,3/12/26,COL,SAN,ROCOSA,3,1,1046,OFAV,Core_RNAlater,Diseased_Tissue,Pro_D_treated2h,15:38,,,032026_COL_SAN_T3_1046_OFAV,UML_NARWHAL_R9_B53,,,
537,032026,3/12/26,COL,SAN,ROCOSA,3,10,1045,OFAV,Core_RNAlater,Diseased_Tissue,Pro_D_treated2h,15:33,,,032026_COL_SAN_T3_1045_OFAV,UML_NARWHAL_R9_B53,,,
538,032026,3/12/26,COL,SAN,ROCOSA,3,12,1043,OFAV,Core_RNAlater,Diseased_Tissue,Pro_D_treated2h,15:22,,,032026_COL_SAN_T3_1043_OFAV,UML_NARWHAL_R9_B53,,,
539,032026,3/12/26,COL,SAN,ROCOSA,3,14,1042,OFRA,Core_RNAlater,Diseased_Tissue,Pro_D_treated2h,14:55,,,032026_COL_SAN_T3_1042_OFRA,UML_NARWHAL_R9_B53,,,
540,032026,3/12/26,COL,SAN,ROCOSA,3,4,1044,OANN,Core_RNAlater,Diseased_Tissue,Pro_D_treated2h,15:15,,,032026_COL_SAN_T3_1044_OANN,UML_NARWHAL_R9_B53,,,
541,032026,3/12/26,COL,SAN,ROCOSA,3,9,1009,OFAV,Core_RNAlater,Diseased_Margin,,10:18,,,032026_COL_SAN_T3_1009_OFAV,UML_NARWHAL_R9_B53,,,
542,032026,3/12/26,COL,SAN,ROCOSA,3,9,1010,OFAV,Core_RNAlater,Diseased_Tissue,,10:20,,,032026_COL_SAN_T3_1010_OFAV,UML_NARWHAL_R9_B53,,,
543,032026,3/12/26,COL,SAN,ROCOSA,3,10,1011,OFAV,Core_RNAlater,Diseased_Margin,,10:25,,,032026_COL_SAN_T3_1011_OFAV,UML_NARWHAL_R9_B53,,,
544,032026,3/12/26,COL,SAN,ROCOSA,3,10,1012,OFAV,Core_RNAlater,Diseased_Tissue,,10:26,,,032026_COL_SAN_T3_1012_OFAV,UML_NARWHAL_R9_B53,,,
545,032026,3/12/26,COL,SAN,ROCOSA,3,11,1013,OFAV,Core_RNAlater,Diseased_Tissue,,10:30,,,032026_COL_SAN_T3_1013_OFAV,UML_NARWHAL_R9_B53,,,
546,032026,3/12/26,COL,SAN,ROCOSA,3,11,1014,OFAV,Core_RNAlater,Diseased_Margin,,10:31,,,032026_COL_SAN_T3_1014_OFAV,UML_NARWHAL_R9_B53,,,
547,032026,3/12/26,COL,SAN,ROCOSA,3,12,1015,OFAV,Core_RNAlater,Diseased_Margin,,10:40,,,032026_COL_SAN_T3_1015_OFAV,UML_NARWHAL_R9_B53,,,
548,032026,3/12/26,COL,SAN,ROCOSA,3,12,1016,OFAV,Core_RNAlater,Diseased_Tissue,,10:42,,,032026_COL_SAN_T3_1016_OFAV,UML_NARWHAL_R9_B53,,,
549,032026,3/12/26,COL,SAN,ROCOSA,3,13,1017,OFAV,Core_RNAlater,Diseased_Margin,,10:48,,,032026_COL_SAN_T3_1017_OFAV,UML_NARWHAL_R9_B53,,,
550,032026,3/12/26,COL,SAN,ROCOSA,3,13,1018,OFAV,Core_RNAlater,Diseased_Tissue,,10:49,,,032026_COL_SAN_T3_1018_OFAV,UML_NARWHAL_R9_B53,,,
551,032026,3/12/26,COL,SAN,ROCOSA,3,14,1019,OFAV,Core_RNAlater,Diseased_Margin,,10:57,,,032026_COL_SAN_T3_1019_OFAV,UML_NARWHAL_R9_B53,,,
552,032026,3/12/26,COL,SAN,ROCOSA,3,14,1020,OFAV,Core_RNAlater,Diseased_Tissue,,10:57,,,032026_COL_SAN_T3_1020_OFAV,UML_NARWHAL_R9_B53,,,
553,032026,3/12/26,COL,SAN,ROCOSA,3,45,1021,OFAV,Core_RNAlater,Diseased_Margin,,11:05,,,032026_COL_SAN_T3_1021_OFAV,UML_NARWHAL_R9_B53,,,
554,032026,3/12/26,COL,SAN,ROCOSA,3,45,1022,OFAV,Core_RNAlater,Diseased_Tissue,,11:05,,,032026_COL_SAN_T3_1022_OFAV,UML_NARWHAL_R9_B53,,,
555,032026,3/12/26,COL,SAN,ROCOSA,3,9,1041,OFAV,Core_RNAlater,Diseased_Tissue,Pro_D_control2h,,,,032026_COL_SAN_T3_1041_OFAV,UML_NARWHAL_R9_B53,,,
556,032026,3/12/26,COL,SAN,ROCOSA,3,2,1040,OFAV,Core_RNAlater,Diseased_Tissue,Pro_D_control2h,,,,032026_COL_SAN_T3_1040_OFAV,UML_NARWHAL_R9_B53,,,
557,032026,3/12/26,COL,SAN,ROCOSA,3,45,1039,OFAV,Core_RNAlater,Diseased_Tissue,Pro_D_control2h,,,,032026_COL_SAN_T3_1039_OFAV,UML_NARWHAL_R9_B53,,,
558,032026,3/12/26,COL,SAN,ROCOSA,3,11,1038,OFAV,Core_RNAlater,Diseased_Tissue,Pro_D_control2h,,,,032026_COL_SAN_T3_1038_OFAV,UML_NARWHAL_R9_B53,,,
559,032026,3/12/26,COL,SAN,ROCOSA,3,13,1037,OANN,Core_RNAlater,Diseased_Tissue,Pro_D_control2h,,,,032026_COL_SAN_T3_1037_OANN,UML_NARWHAL_R9_B53,,,
560,032026,3/12/26,COL,SAN,ROCOSA,3,20,1030,OFAV,Core_RNAlater,Healthy,,,,,032026_COL_SAN_T3_1030_OFAV,UML_NARWHAL_R9_B53,,,
561,032026,3/12/26,COL,SAN,ROCOSA,3,21,1034,OANN,Core_RNAlater,Healthy,,,,,032026_COL_SAN_T3_1034_OANN,UML_NARWHAL_R9_B53,,,
562,032026,3/12/26,COL,SAN,ROCOSA,3,22,1031,OANN,Core_RNAlater,Healthy,,,,,032026_COL_SAN_T3_1031_OANN,UML_NARWHAL_R9_B53,,,
563,032026,3/12/26,COL,SAN,ROCOSA,3,23,1032,OFAV,Core_RNAlater,Healthy,,,,,032026_COL_SAN_T3_1032_OFAV,UML_NARWHAL_R9_B53,,,
564,032026,3/12/26,COL,SAN,ROCOSA,3,18,1052,OANN,Core_RNAlater,Healthy,Pro_H_treated2h,15:05,,,032026_COL_SAN_T3_1052_OANN,UML_NARWHAL_R9_B53,,,
565,032026,3/12/26,COL,SAN,ROCOSA,3,64,1053,OFAV,Core_RNAlater,Healthy,Pro_H_treated2h,15:11,,,032026_COL_SAN_T3_1053_OFAV,UML_NARWHAL_R9_B53,,,
566,032026,3/12/26,COL,SAN,ROCOSA,3,63,1054,OFAV,Core_RNAlater,Healthy,Pro_H_treated2h,15:20,,,032026_COL_SAN_T3_1054_OFAV,UML_NARWHAL_R9_B53,,,
567,032026,3/12/26,COL,SAN,ROCOSA,3,23,1056,OFAV,Core_RNAlater,Healthy,Pro_H_treated2h,15:36,,,032026_COL_SAN_T3_1056_OFAV,UML_NARWHAL_R9_B53,,,
568,032026,3/12/26,COL,SAN,ROCOSA,3,21,1055,OANN,Core_RNAlater,Healthy,Pro_H_treated2h,15:20,,,032026_COL_SAN_T3_1055_OANN,UML_NARWHAL_R9_B53,,,
569,032026,3/12/26,COL,SAN,ROCOSA,3,58,1023,OFAV,Core_RNAlater,Healthy,,10:13,,,032026_COL_SAN_T3_1023_OFAV,UML_NARWHAL_R9_B53,,,
570,032026,3/12/26,COL,SAN,ROCOSA,3,62,1024,OFAV,Core_RNAlater,Healthy,,,,,032026_COL_SAN_T3_1024_OFAV,UML_NARWHAL_R9_B53,,,
571,032026,3/12/26,COL,SAN,ROCOSA,3,63,1025,OFAV,Core_RNAlater,Healthy,,,,,032026_COL_SAN_T3_1025_OFAV,UML_NARWHAL_R9_B53,,,
572,032026,3/12/26,COL,SAN,ROCOSA,3,60,1026,OFAV,Core_RNAlater,Healthy,,10:43,,,032026_COL_SAN_T3_1026_OFAV,UML_NARWHAL_R9_B53,,,
573,032026,3/12/26,COL,SAN,ROCOSA,3,64,1027,OFAV,Core_RNAlater,Healthy,,10:52,,,032026_COL_SAN_T3_1027_OFAV,UML_NARWHAL_R9_B53,,,
574,032026,3/12/26,COL,SAN,ROCOSA,3,18,1028,OANN,Core_RNAlater,Healthy,,10:59,,,032026_COL_SAN_T3_1028_OANN,UML_NARWHAL_R9_B53,,,
575,032026,3/12/26,COL,SAN,ROCOSA,3,19,1029,OANN,Core_RNAlater,Healthy,,11:08,,,032026_COL_SAN_T3_1029_OANN,UML_NARWHAL_R9_B53,,,
576,032026,3/12/26,COL,SAN,ROCOSA,3,19,1049,OANN,Core_RNAlater,Healthy,Pro_H_control2h,15:20,,,032026_COL_SAN_T3_1049_OANN,UML_NARWHAL_R9_B53,,,
577,032026,3/12/26,COL,SAN,ROCOSA,3,20,1050,OFAV,Core_RNAlater,Healthy,Pro_H_control2h,15:26,,,032026_COL_SAN_T3_1050_OFAV,UML_NARWHAL_R9_B53,,,
578,032026,3/12/26,COL,SAN,ROCOSA,3,22,1051,OANN,Core_RNAlater,Healthy,Pro_H_control2h,15:31,,,032026_COL_SAN_T3_1051_OANN,UML_NARWHAL_R9_B53,,,
579,032026,3/12/26,COL,SAN,ROCOSA,3,58,1047,OFAV,Core_RNAlater,Healthy,Pro_H_control2h,15:08,,,032026_COL_SAN_T3_1047_OFAV,UML_NARWHAL_R9_B53,,,
580,032026,3/12/26,COL,SAN,ROCOSA,3,62,1048,OFAV,Core_RNAlater,Healthy,Pro_H_control2h,15:15,,,032026_COL_SAN_T3_1048_OFAV,UML_NARWHAL_R9_B53,,,
581,032026,3/12/26,COL,SAN,ROCOSA,3,66,1033,OFAV,Core_RNAlater,Healthy,,13:18,,,032026_COL_SAN_T3_1033_OFAV,UML_NARWHAL_R9_B53,,,
582,032026,3/12/26,COL,SAN,ROCOSA,3,68,1035,OFAV,Core_RNAlater,Healthy,,13:27,,,032026_COL_SAN_T3_1035_OFAV,UML_NARWHAL_R9_B53,,,
583,032026,3/12/26,COL,SAN,ROCOSA,3,65,1036,OFAV,Core_RNAlater,Healthy,,13:36,,,032026_COL_SAN_T3_1036_OFAV,UML_NARWHAL_R9_B53,,,
584,032026,3/13/26,COL,SAN,ELARBOL,5,81,1480,DLAB,Core_RNAlater,Healthy,,,11:20,,032026_COL_SAN_T5_1480_DLAB,UML_NARWHAL_R9_B55,,,"switched on datasheet with PSTR 82, it's correct here"
585,032026,3/13/26,COL,SAN,ELARBOL,5,82,1482,PSTR,Core_RNAlater,Healthy,,,11:21,,032026_COL_SAN_T5_1482_PSTR,UML_NARWHAL_R9_B55,,,
586,032026,3/13/26,COL,SAN,ELARBOL,5,6,1481,MCAV,Core_RNAlater,Healthy,,,11:22,,032026_COL_SAN_T5_1481_MCAV,UML_NARWHAL_R9_B55,,,
587,032026,3/13/26,COL,SAN,ELARBOL,5,8,1483,MCAV,Core_RNAlater,Healthy,,,11:23,,032026_COL_SAN_T5_1483_MCAV,UML_NARWHAL_R9_B55,,,
588,032026,3/13/26,COL,SAN,ELARBOL,5,13,1484,MCAV,Core_RNAlater,Healthy,,,11:24,,032026_COL_SAN_T5_1484_MCAV,UML_NARWHAL_R9_B55,,,
589,032026,3/13/26,COL,SAN,ELARBOL,5,11,1475,PSTR,Core_RNAlater,Healthy,,,,,032026_COL_SAN_T5_1475_PSTR,UML_NARWHAL_R9_B55,,,
590,032026,3/13/26,COL,SAN,ELARBOL,5,3,1476,MCAV,Core_RNAlater,Healthy,,10:29,11:15,"DC 3%, some white dots with tissue",032026_COL_SAN_T5_1476_MCAV,UML_NARWHAL_R9_B55,,,
591,032026,3/13/26,COL,SAN,ELARBOL,5,9,1477,MCAV,Core_RNAlater,Healthy,,10:34,11:16,,032026_COL_SAN_T5_1477_MCAV,UML_NARWHAL_R9_B55,,,
592,032026,3/13/26,COL,SAN,ELARBOL,5,10,1478,MCAV,Core_RNAlater,Healthy,,10:41,11:17,,032026_COL_SAN_T5_1478_MCAV,UML_NARWHAL_R9_B55,,,
593,032026,3/13/26,COL,SAN,ELARBOL,5,5,1479,MCAV,Core_RNAlater,Healthy,,10:52,11:18,,032026_COL_SAN_T5_1479_MCAV,UML_NARWHAL_R9_B55,,,
594,032026,3/13/26,COL,SAN,ELARBOL,5,99,1505,DLAB,Core_RNAlater,Healthy,,12:38,,,032026_COL_SAN_T5_1505_DLAB,UML_NARWHAL_R9_B55,,,
595,032026,3/13/26,COL,SAN,ELARBOL,5,83,1504,DLAB,Core_RNAlater,Healthy,,,,,032026_COL_SAN_T5_1504_DLAB,UML_NARWHAL_R9_B55,,,
596,032026,3/13/26,COL,SAN,ELARBOL,5,62,1503,PSTR,Core_RNAlater,Healthy,,12:56,,CLP 2%,032026_COL_SAN_T5_1503_PSTR,UML_NARWHAL_R9_B55,,,
597,032026,3/13/26,COL,SAN,ELARBOL,5,59,1502,PSTR,Core_RNAlater,Healthy,,13:43,,,032026_COL_SAN_T5_1502_PSTR,UML_NARWHAL_R9_B55,,,
598,032026,3/13/26,COL,SAN,ELARBOL,5,2,1501,MCAV,Core_RNAlater,Healthy,,13:45,,,032026_COL_SAN_T5_1501_MCAV,UML_NARWHAL_R9_B55,,,
599,032026,3/13/26,COL,SAN,ELARBOL,5,87,1485,DLAB,Core_RNAlater,Healthy,,10:02,11:20,,032026_COL_SAN_T5_1485_DLAB,UML_NARWHAL_R9_B55,,,
600,032026,3/13/26,COL,SAN,ELARBOL,5,88,1486,DLAB,Core_RNAlater,Healthy,,10:10,,,032026_COL_SAN_T5_1486_DLAB,UML_NARWHAL_R9_B55,,,
601,032026,3/13/26,COL,SAN,ELARBOL,5,86,1487,DLAB,Core_RNAlater,Healthy,,10:18,,,032026_COL_SAN_T5_1487_DLAB,UML_NARWHAL_R9_B55,,,
602,032026,3/13/26,COL,SAN,ELARBOL,5,85,1488,PSTR,Core_RNAlater,Healthy,,10:24,11:26,missing tag but sure about colony,032026_COL_SAN_T5_1488_PSTR,UML_NARWHAL_R9_B55,,,
603,032026,3/13/26,COL,SAN,ELARBOL,5,14,1489,MCAV,Core_RNAlater,Diseased_Tissue,,10:34,,less 5%,032026_COL_SAN_T5_1489_MCAV,UML_NARWHAL_R9_B55,,,
604,032026,3/13/26,COL,SAN,ELARBOL,5,14,1494,MCAV,Core_RNAlater,Diseased_Margin,,10:35,,,032026_COL_SAN_T5_1494_MCAV,UML_NARWHAL_R9_B55,,,
605,032026,3/13/26,COL,SAN,ELARBOL,5,96,1490,PSTR,Core_RNAlater,Healthy,,10:44,11:30,,032026_COL_SAN_T5_1490_PSTR,UML_NARWHAL_R9_B55,,,
606,032026,3/13/26,COL,SAN,ELARBOL,5,97,1491,PSTR,Core_RNAlater,Healthy,,10:46,,,032026_COL_SAN_T5_1491_PSTR,UML_NARWHAL_R9_B55,,,
607,032026,3/13/26,COL,SAN,ELARBOL,5,7,1492,MCAV,Core_RNAlater,Healthy,,10:51,,,032026_COL_SAN_T5_1492_MCAV,UML_NARWHAL_R9_B55,,,
608,032026,3/13/26,COL,SAN,ELARBOL,5,94,1493,DLAB,Core_RNAlater,Healthy,,11:10,11:34,,032026_COL_SAN_T5_1493_DLAB,UML_NARWHAL_R9_B55,,,
609,032026,3/14/26,COL,SAN,ELARBOL,5,29,1500,OFAV,Core_RNAlater,Healthy,,10:08,11:21,,032026_COL_SAN_T5_1500_OFAV,UML_NARWHAL_R9_B55,,,
610,032026,3/14/26,COL,SAN,ELARBOL,5,37,1499,OFAV,Core_RNAlater,Healthy,,10:11,11:21,,032026_COL_SAN_T5_1499_OFAV,UML_NARWHAL_R9_B55,,,
611,032026,3/14/26,COL,SAN,ELARBOL,5,23,1498,OFAV,Core_RNAlater,Healthy,,10:22,11:22,,032026_COL_SAN_T5_1498_OFAV,UML_NARWHAL_R9_B55,,,
612,032026,3/14/26,COL,SAN,ELARBOL,5,23,1497,OFAV,Core_RNAlater,Healthy,,10:25,11:22,,032026_COL_SAN_T5_1497_OFAV,UML_NARWHAL_R9_B55,,,
613,032026,3/14/26,COL,SAN,ELARBOL,5,21,1496,OFAV,Core_RNAlater,Healthy,Pro_H_treated2h,10:27,11:23,,032026_COL_SAN_T5_1496_OFAV,UML_NARWHAL_R9_B55,,,
614,032026,3/14/26,COL,SAN,ELARBOL,5,43,1495,OFRA,Core_RNAlater,Healthy,,10:46,11:23,new tag,032026_COL_SAN_T5_1495_OFRA,UML_NARWHAL_R9_B55,,,
615,032026,3/14/26,COL,SAN,ELARBOL,5,44,1506,OFAV,Core_RNAlater,Healthy,,10:58,11:24,"new tag, it’s the one under, not the big colony",032026_COL_SAN_T5_1506_OFAV,UML_NARWHAL_R9_B55,,,
616,032026,3/14/26,COL,SAN,ELARBOL,5,33,1527,OFAV,Core_RNAlater,Healthy,Pro_H_treated2h,15:03,16:05,,032026_COL_SAN_T5_1527_OFAV,UML_NARWHAL_R9_B55,,,
617,032026,3/14/26,COL,SAN,ELARBOL,5,43,1528,OFRA,Core_RNAlater,Healthy,Pro_H_treated2h,15:07,16:05,,032026_COL_SAN_T5_1528_OFRA,UML_NARWHAL_R9_B55,,,
618,032026,3/14/26,COL,SAN,ELARBOL,5,28,1529,OFAV,Core_RNAlater,Healthy,Pro_H_treated2h,15:18,16:06,,032026_COL_SAN_T5_1529_OFAV,UML_NARWHAL_R9_B55,,,
619,032026,3/14/26,COL,SAN,ELARBOL,5,31,1531,OFAV,Core_RNAlater,Healthy,Pro_H_treated2h,15:23,16:08,,032026_COL_SAN_T5_1531_OFAV,UML_NARWHAL_R9_B55,,,
620,032026,3/14/26,COL,SAN,ELARBOL,5,58,1532,PSTR,Core_RNAlater,Healthy,,15:41,16:08,,032026_COL_SAN_T5_1532_PSTR,UML_NARWHAL_R9_B55,,,
621,032026,3/14/26,COL,SAN,ELARBOL,5,24,1511,OFAV,Core_RNAlater,Diseased_Tissue,,10:19,11:28,CLP 30%,032026_COL_SAN_T5_1511_OFAV,UML_NARWHAL_R9_B55,,,
622,032026,3/14/26,COL,SAN,ELARBOL,5,24,1512,OFAV,Core_RNAlater,Diseased_Margin,,10:19,11:28,,032026_COL_SAN_T5_1512_OFAV,UML_NARWHAL_R9_B55,,,
623,032026,3/14/26,COL,SAN,ELARBOL,5,19,1514,OFAV,Core_RNAlater,Diseased_Tissue,,10:24,11:29,,032026_COL_SAN_T5_1514_OFAV,UML_NARWHAL_R9_B55,,,
624,032026,3/14/26,COL,SAN,ELARBOL,5,19,1513,OFAV,Core_RNAlater,Diseased_Margin,,10:30,11:30,,032026_COL_SAN_T5_1513_OFAV,UML_NARWHAL_R9_B55,,,
625,032026,3/14/26,COL,SAN,ELARBOL,5,31,1508,OFAV,Core_RNAlater,Healthy,,10:34,11:26,new colony,032026_COL_SAN_T5_1508_OFAV,UML_NARWHAL_R9_B55,,,
626,032026,3/14/26,COL,SAN,ELARBOL,5,32,1509,OFAV,Core_RNAlater,Healthy,,10:40,11:27,new colony,032026_COL_SAN_T5_1509_OFAV,UML_NARWHAL_R9_B55,,,
627,032026,3/14/26,COL,SAN,ELARBOL,5,33,1510,OFAV,Core_RNAlater,Healthy,,10:47,11:27,new colony,032026_COL_SAN_T5_1510_OFAV,UML_NARWHAL_R9_B55,,,
628,032026,3/14/26,COL,SAN,ELARBOL,5,34,1515,OFAV,Core_RNAlater,Diseased_Tissue,,11:00,11:29,new colony,032026_COL_SAN_T5_1515_OFAV,UML_NARWHAL_R9_B55,,,
629,032026,3/14/26,COL,SAN,ELARBOL,5,34,1516,OFAV,Core_RNAlater,Diseased_Margin,,11:00,11:30,,032026_COL_SAN_T5_1516_OFAV,UML_NARWHAL_R9_B55,,,
630,032026,3/14/26,COL,SAN,ELARBOL,5,35,1517,OFAV,Core_RNAlater,Diseased_Tissue,,11:05,11:31,new colony,032026_COL_SAN_T5_1517_OFAV,UML_NARWHAL_R9_B55,,,
631,032026,3/14/26,COL,SAN,ELARBOL,5,35,1518,OFAV,Core_RNAlater,Diseased_Margin,,11:05,11:32,,032026_COL_SAN_T5_1518_OFAV,UML_NARWHAL_R9_B55,,,
632,032026,3/14/26,COL,SAN,ELARBOL,5,90,1542,OFRA,Core_RNAlater,Diseased_Tissue,Pro_D_control2h,15:01,15:26,CLP 50%,032026_COL_SAN_T5_1542_OFRA,UML_NARWHAL_R9_B55,,,
633,032026,3/14/26,COL,SAN,ELARBOL,5,92,1543,OFRA,Core_RNAlater,Diseased_Tissue,Pro_D_control2h,15:00,16:26,CLP 70%,032026_COL_SAN_T5_1543_OFRA,UML_NARWHAL_R9_B55,,,
634,032026,3/14/26,COL,SAN,ELARBOL,5,34,1544,OFAV,Core_RNAlater,Diseased_Tissue,Pro_D_control2h,15:03,16:28,CLP 4%,032026_COL_SAN_T5_1544_OFAV,UML_NARWHAL_R9_B55,,,
635,032026,3/14/26,COL,SAN,ELARBOL,5,19,1545,OFAV,Core_RNAlater,Diseased_Tissue,Pro_D_control2h,15:02,16:30,CLP 65%,032026_COL_SAN_T5_1545_OFAV,UML_NARWHAL_R9_B55,,,
636,032026,3/14/26,COL,SAN,ELARBOL,5,44,1541,OFAV,Core_RNAlater,Healthy,Pro_H_control2h,15:05,16:20,,032026_COL_SAN_T5_1541_OFAV,UML_NARWHAL_R9_B55,,,
637,032026,3/14/26,COL,SAN,ELARBOL,5,29,1537,OFAV,Core_RNAlater,Healthy,Pro_H_control2h,15:08,16:20,,032026_COL_SAN_T5_1537_OFAV,UML_NARWHAL_R9_B55,,,
638,032026,3/14/26,COL,SAN,ELARBOL,5,23,1538,OFAV,Core_RNAlater,Healthy,Pro_H_control2h,15:13,16:22,,032026_COL_SAN_T5_1538_OFAV,UML_NARWHAL_R9_B55,,,
639,032026,3/14/26,COL,SAN,ELARBOL,5,22,1540,OFAV,Core_RNAlater,Healthy,Pro_H_control2h,15:24,16:22,,032026_COL_SAN_T5_1540_OFAV,UML_NARWHAL_R9_B55,,,
640,032026,3/14/26,COL,SAN,ELARBOL,5,32,1539,OFAV,Core_RNAlater,Healthy,Pro_H_control2h,15:22,16:25,,032026_COL_SAN_T5_1539_OFAV,UML_NARWHAL_R9_B55,,,
641,032026,3/14/26,COL,SAN,ELARBOL,5,89,1520,OFRA,Core_RNAlater,Diseased_Margin,,10:23,11:32,,032026_COL_SAN_T5_1520_OFRA,UML_NARWHAL_R9_B55,,,
642,032026,3/14/26,COL,SAN,ELARBOL,5,89,1521,OFRA,Core_RNAlater,Diseased_Tissue,,10:24,11:33,,032026_COL_SAN_T5_1521_OFRA,UML_NARWHAL_R9_B55,,,
643,032026,3/14/26,COL,SAN,ELARBOL,5,90,1522,OFRA,Core_RNAlater,Diseased_Margin,,10:31,11:32,,032026_COL_SAN_T5_1522_OFRA,UML_NARWHAL_R9_B55,,,
644,032026,3/14/26,COL,SAN,ELARBOL,5,90,1523,OFRA,Core_RNAlater,Diseased_Tissue,,10:32,11:34,,032026_COL_SAN_T5_1523_OFRA,UML_NARWHAL_R9_B55,,,
645,032026,3/14/26,COL,SAN,ELARBOL,5,91,1524,OFRA,Core_RNAlater,Diseased_Margin,,10:43,11:34,,032026_COL_SAN_T5_1524_OFRA,UML_NARWHAL_R9_B55,,,
646,032026,3/14/26,COL,SAN,ELARBOL,5,91,1519,OFRA,Core_RNAlater,Diseased_Tissue,,10:44,11:34,,032026_COL_SAN_T5_1519_OFRA,UML_NARWHAL_R9_B55,,,
647,032026,3/14/26,COL,SAN,ELARBOL,5,92,1525,OFRA,Core_RNAlater,Diseased_Margin,,10:53,11:35,,032026_COL_SAN_T5_1525_OFRA,UML_NARWHAL_R9_B55,,,
648,032026,3/14/26,COL,SAN,ELARBOL,5,92,1526,OFRA,Core_RNAlater,Diseased_Tissue,,10:54,11:35,,032026_COL_SAN_T5_1526_OFRA,UML_NARWHAL_R9_B55,,,
649,032026,3/14/26,COL,SAN,ELARBOL,5,35,1533,OFAV,Core_RNAlater,Diseased_Tissue,Pro_D_treated2h,15:04,16:10,,032026_COL_SAN_T5_1533_OFAV,UML_NARWHAL_R9_B55,,,
650,032026,3/14/26,COL,SAN,ELARBOL,5,89,1534,OFRA,Core_RNAlater,Diseased_Tissue,Pro_D_treated2h,15:07,16:10,,032026_COL_SAN_T5_1534_OFRA,UML_NARWHAL_R9_B55,,,
651,032026,3/14/26,COL,SAN,ELARBOL,5,91,1535,OFRA,Core_RNAlater,Diseased_Tissue,Pro_D_treated2h,15:10,16:12,,032026_COL_SAN_T5_1535_OFRA,UML_NARWHAL_R9_B55,,,
652,032026,3/14/26,COL,SAN,ELARBOL,5,24,1536,OFAV,Core_RNAlater,Diseased_Tissue,Pro_D_treated2h,15:25,16:15,,032026_COL_SAN_T5_1536_OFAV,UML_NARWHAL_R9_B55,,,
653,032026,3/16/26,COL,SAN,PLAZADETOROS,4,27,1302,OANN,Core_RNAlater,Diseased_Margin,Pro_D_control5d,10:55,11:34,,032026_COL_SAN_T4_1302_OANN,UML_NARWHAL_R9_B52,,,
654,032026,3/16/26,COL,SAN,PLAZADETOROS,4,27,1301,OANN,Core_RNAlater,Diseased_Tissue,Pro_D_control5d,10:55,11:33,,032026_COL_SAN_T4_1301_OANN,UML_NARWHAL_R9_B52,,,
655,032026,3/16/26,COL,SAN,PLAZADETOROS,4,28,1295,OFAV,Core_RNAlater,Diseased_Margin,Pro_D_treated5d,10:27,11:29,,032026_COL_SAN_T4_1295_OFAV,UML_NARWHAL_R9_B52,,,
656,032026,3/16/26,COL,SAN,PLAZADETOROS,4,28,1294,OFAV,Core_RNAlater,Diseased_Tissue,Pro_D_treated5d,10:27,11:29,,032026_COL_SAN_T4_1294_OFAV,UML_NARWHAL_R9_B52,,,
657,032026,3/16/26,COL,SAN,PLAZADETOROS,4,29,1298,OFRA,Core_RNAlater,Diseased_Margin,Pro_D_control5d,10:37,11:31,,032026_COL_SAN_T4_1298_OFRA,UML_NARWHAL_R9_B52,,,
658,032026,3/16/26,COL,SAN,PLAZADETOROS,4,29,1296,OFRA,Core_RNAlater,Diseased_Tissue,Pro_D_control5d,10:37,11:30,,032026_COL_SAN_T4_1296_OFRA,UML_NARWHAL_R9_B52,,,
659,032026,3/16/26,COL,SAN,PLAZADETOROS,4,29,1297,OFRA,Core_RNAlater,PRACTICE_SAMPLE,,,,,032026_COL_SAN_T4_1297_OFRA,UML_NARWHAL_R9_B52,,,
660,032026,3/16/26,COL,SAN,PLAZADETOROS,4,30,1300,OFAV,Core_RNAlater,Diseased_Margin,Pro_D_control5d,10:45,11:32,,032026_COL_SAN_T4_1300_OFAV,UML_NARWHAL_R9_B52,,,
661,032026,3/16/26,COL,SAN,PLAZADETOROS,4,30,1299,OFAV,Core_RNAlater,Diseased_Tissue,Pro_D_control5d,10:45,11:31,,032026_COL_SAN_T4_1299_OFAV,UML_NARWHAL_R9_B52,,,
662,032026,3/16/26,COL,SAN,PLAZADETOROS,4,38,1317,OANN,Core_RNAlater,Diseased_Margin,Pro_D_treated5d,10:37,11:45,,032026_COL_SAN_T4_1317_OANN,UML_NARWHAL_R9_B52,,,
663,032026,3/16/26,COL,SAN,PLAZADETOROS,4,38,1318,OANN,Core_RNAlater,Diseased_Tissue,Pro_D_treated5d,10:37,11:46,,032026_COL_SAN_T4_1318_OANN,UML_NARWHAL_R9_B52,,,
664,032026,3/16/26,COL,SAN,PLAZADETOROS,4,39,1319,OANN,Core_RNAlater,Diseased_Margin,Pro_D_control5d,10:47,11:46,,032026_COL_SAN_T4_1319_OANN,UML_NARWHAL_R9_B52,,,
665,032026,3/16/26,COL,SAN,PLAZADETOROS,4,39,1320,OANN,Core_RNAlater,Diseased_Tissue,Pro_D_control5d,10:47,11:46,,032026_COL_SAN_T4_1320_OANN,UML_NARWHAL_R9_B52,,,
666,032026,3/16/26,COL,SAN,PLAZADETOROS,4,40,1321,OANN,Core_RNAlater,Diseased_Margin,Pro_D_treated5d,11:00,11:44,,032026_COL_SAN_T4_1321_OANN,UML_NARWHAL_R9_B52,,,
667,032026,3/16/26,COL,SAN,PLAZADETOROS,4,40,1322,OANN,Core_RNAlater,Diseased_Tissue,Pro_D_treated5d,11:00,11:45,,032026_COL_SAN_T4_1322_OANN,UML_NARWHAL_R9_B52,,,
668,032026,3/16/26,COL,SAN,PLAZADETOROS,4,41,1323,OANN,Core_RNAlater,Diseased_Margin,Pro_D_control5d,11:10,11:43,,032026_COL_SAN_T4_1323_OANN,UML_NARWHAL_R9_B52,,,
669,032026,3/16/26,COL,SAN,PLAZADETOROS,4,41,1324,OANN,Core_RNAlater,Diseased_Tissue,Pro_D_control5d,11:10,11:43,,032026_COL_SAN_T4_1324_OANN,UML_NARWHAL_R9_B52,,,
670,032026,3/16/26,COL,SAN,PLAZADETOROS,4,42,1306,OANN,Core_RNAlater,Diseased_Margin,,11:04,11:37,,032026_COL_SAN_T4_1306_OANN,UML_NARWHAL_R9_B52,,,
671,032026,3/16/26,COL,SAN,PLAZADETOROS,4,42,1305,OANN,Core_RNAlater,Diseased_Tissue,,11:04,11:36,,032026_COL_SAN_T4_1305_OANN,UML_NARWHAL_R9_B52,,,
672,032026,3/16/26,COL,SAN,PLAZADETOROS,4,52,1313,OFRA,Core_RNAlater,Healthy,Pro_H_control5d,10:32,11:41,,032026_COL_SAN_T4_1313_OFRA,UML_NARWHAL_R9_B52,,,
673,032026,3/16/26,COL,SAN,PLAZADETOROS,4,53,1312,OFAV,Core_RNAlater,Healthy,Pro_H_treated5d,10:26,11:41,,032026_COL_SAN_T4_1312_OFAV,UML_NARWHAL_R9_B52,,,
674,032026,3/16/26,COL,SAN,PLAZADETOROS,4,54,1316,OFAV,Core_RNAlater,Healthy,Pro_H_control5d,10:52,11:43,,032026_COL_SAN_T4_1316_OFAV,UML_NARWHAL_R9_B52,,,
675,032026,3/16/26,COL,SAN,PLAZADETOROS,4,58,1314,OANN,Core_RNAlater,Healthy,Pro_H_treated5d,10:38,11:42,,032026_COL_SAN_T4_1314_OANN,UML_NARWHAL_R9_B52,,,
676,032026,3/16/26,COL,SAN,PLAZADETOROS,4,59,1315,OANN,Core_RNAlater,Healthy,Pro_H_control5d,10:46,11:42,,032026_COL_SAN_T4_1315_OANN,UML_NARWHAL_R9_B52,,,
677,032026,3/16/26,COL,SAN,PLAZADETOROS,4,91,1311,OFRA,Core_RNAlater,Healthy,Pro_H_treated5d,11:06,11:41,,032026_COL_SAN_T4_1311_OFRA,UML_NARWHAL_R9_B52,,,
678,032026,3/16/26,COL,SAN,PLAZADETOROS,4,92,1307,OFAV,Core_RNAlater,Healthy,Pro_H_treated5d,10:23,11:38,,032026_COL_SAN_T4_1307_OFAV,UML_NARWHAL_R9_B52,,,
679,032026,3/16/26,COL,SAN,PLAZADETOROS,4,93,1308,OFAV,Core_RNAlater,Healthy,Pro_H_control5d,10:43,11:39,,032026_COL_SAN_T4_1308_OFAV,UML_NARWHAL_R9_B52,,,
680,032026,3/16/26,COL,SAN,PLAZADETOROS,4,94,1304,OFAV,Core_RNAlater,Diseased_Margin,Pro_D_treated5d,11:00,11:35,,032026_COL_SAN_T4_1304_OFAV,UML_NARWHAL_R9_B52,,,
681,032026,3/16/26,COL,SAN,PLAZADETOROS,4,94,1303,OFAV,Core_RNAlater,Diseased_Tissue,Pro_D_treated5d,11:00,11:34,,032026_COL_SAN_T4_1303_OFAV,UML_NARWHAL_R9_B52,,,
682,032026,3/16/26,COL,SAN,PLAZADETOROS,4,97,1309,OFAV,Core_RNAlater,Healthy,Pro_H_control5d,10:56,11:40,,032026_COL_SAN_T4_1309_OFAV,UML_NARWHAL_R9_B52,,,
683,032026,3/16/26,COL,SAN,PLAZADETOROS,4,98,1310,OFAV,Core_RNAlater,Healthy,Pro_H_treated5d,11:00,11:40,,032026_COL_SAN_T4_1310_OFAV,UML_NARWHAL_R9_B52,,,
684,032026,3/17/26,COL,SAN,PUNTAPADI,2,41,924,MCAV,Core_RNAlater,Healthy,,10:32,11:37,,032026_COL_SAN_T2_924_MCAV,UML_NARWHAL_R9_B54,,,
685,032026,3/17/26,COL,SAN,PUNTAPADI,2,42,925,MCAV,Core_RNAlater,Healthy,,10:36,11:38,,032026_COL_SAN_T2_925_MCAV,UML_NARWHAL_R9_B54,,,
686,032026,3/17/26,COL,SAN,PUNTAPADI,2,43,926,MCAV,Core_RNAlater,Healthy,,10:40,11:39,,032026_COL_SAN_T2_926_MCAV,UML_NARWHAL_R9_B54,,,
687,032026,3/17/26,COL,SAN,PUNTAPADI,2,2,927,OFAV,Core_RNAlater,Healthy,,10:47,11:40,,032026_COL_SAN_T2_927_OFAV,UML_NARWHAL_R9_B54,,,
688,032026,3/17/26,COL,SAN,PUNTAPADI,2,3,928,OFRA,Core_RNAlater,Healthy,,10:54,11:41,,032026_COL_SAN_T2_928_OFRA,UML_NARWHAL_R9_B54,,,
689,032026,3/17/26,COL,SAN,PUNTAPADI,2,58,940,ORBI,Core_RNAlater,Healthy,,12:27,12:56,,032026_COL_SAN_T2_940_ORBI,UML_NARWHAL_R9_B54,,,
690,032026,3/17/26,COL,SAN,PUNTAPADI,2,40,929,MCAV,Core_RNAlater,Diseased_Tissue,,10:30,11:41,,032026_COL_SAN_T2_929_MCAV,UML_NARWHAL_R9_B54,,,
691,032026,3/17/26,COL,SAN,PUNTAPADI,2,40,930,MCAV,Core_RNAlater,Diseased_Margin,,10:32,11:42,,032026_COL_SAN_T2_930_MCAV,UML_NARWHAL_R9_B54,,,
692,032026,3/17/26,COL,SAN,PUNTAPADI,2,39,931,MCAV,Core_RNAlater,Healthy,,10:39,11:43,,032026_COL_SAN_T2_931_MCAV,UML_NARWHAL_R9_B54,,,
693,032026,3/17/26,COL,SAN,PUNTAPADI,2,91,932,DLAB,Core_RNAlater,Healthy,,10:44,11:43,,032026_COL_SAN_T2_932_DLAB,UML_NARWHAL_R9_B54,,,
694,032026,3/17/26,COL,SAN,PUNTAPADI,2,56,933,ORBI,Core_RNAlater,Pale,,10:50,11:43,,032026_COL_SAN_T2_933_ORBI,UML_NARWHAL_R9_B54,,,
695,032026,3/17/26,COL,SAN,PUNTAPADI,2,39,934,MCAV,Core_RNAlater,Healthy,,10:59,11:44,,032026_COL_SAN_T2_934_MCAV,UML_NARWHAL_R9_B54,,,
696,032026,3/17/26,COL,SAN,PUNTAPADI,2,1,935,ORBI,Core_RNAlater,Healthy,,11:03,11:45,,032026_COL_SAN_T2_935_ORBI,UML_NARWHAL_R9_B54,,,
697,032026,3/17/26,COL,SAN,PUNTAPADI,2,50,936,OFAV,Core_RNAlater,Healthy,,11:12,11:45,,032026_COL_SAN_T2_936_OFAV,UML_NARWHAL_R9_B54,,,
698,032026,3/17/26,COL,SAN,PUNTAPADI,2,54,937,ORBI,Core_RNAlater,Diseased_Tissue,,12:34,12:54,colony dislodged,032026_COL_SAN_T2_937_ORBI,UML_NARWHAL_R9_B54,,,
699,032026,3/17/26,COL,SAN,PUNTAPADI,2,54,938,ORBI,Core_RNAlater,Diseased_Margin,,13:36,12:54,,032026_COL_SAN_T2_938_ORBI,UML_NARWHAL_R9_B54,,,
700,032026,3/17/26,COL,SAN,PUNTAPADI,2,27,911,DLAB,Core_RNAlater,Healthy,,10:32,11:28,,032026_COL_SAN_T2_911_DLAB,UML_NARWHAL_R9_B54,,,
701,032026,3/17/26,COL,SAN,PUNTAPADI,2,45,912,MCAV,Core_RNAlater,Healthy,,10:36,11:28,Tissue loss from last photo,032026_COL_SAN_T2_912_MCAV,UML_NARWHAL_R9_B54,,,
702,032026,3/17/26,COL,SAN,PUNTAPADI,2,46,913,MCAV,Core_RNAlater,Healthy,,10:41,11:28,Tissue loss from last photo,032026_COL_SAN_T2_913_MCAV,UML_NARWHAL_R9_B54,,,
703,032026,3/17/26,COL,SAN,PUNTAPADI,2,90,914,DLAB,Core_RNAlater,Healthy,,10:44,11:28,sampled from edge colony,032026_COL_SAN_T2_914_DLAB,UML_NARWHAL_R9_B54,,,
704,032026,3/17/26,COL,SAN,PUNTAPADI,2,26,915,DLAB,Core_RNAlater,Healthy,,10:47,11:29,,032026_COL_SAN_T2_915_DLAB,UML_NARWHAL_R9_B54,,,
705,032026,3/17/26,COL,SAN,PUNTAPADI,2,89,916,DLAB,Core_RNAlater,Healthy,,10:52,11:29,,032026_COL_SAN_T2_916_DLAB,UML_NARWHAL_R9_B54,,,
706,032026,3/17/26,COL,SAN,PUNTAPADI,2,93,917,DLAB,Core_RNAlater,Healthy,,10:32,11:29,,032026_COL_SAN_T2_917_DLAB,UML_NARWHAL_R9_B54,,,
707,032026,3/17/26,COL,SAN,PUNTAPADI,2,48,922,MCAV,Core_RNAlater,Diseased_Tissue,,10:37,11:32,,032026_COL_SAN_T2_922_MCAV,UML_NARWHAL_R9_B54,,,
708,032026,3/17/26,COL,SAN,PUNTAPADI,2,48,923,MCAV,Core_RNAlater,Diseased_Margin,,10:38,11:32,,032026_COL_SAN_T2_923_MCAV,UML_NARWHAL_R9_B54,,,
709,032026,3/17/26,COL,SAN,PUNTAPADI,2,47,918,MCAV,Core_RNAlater,Healthy,,10:43,11:30,,032026_COL_SAN_T2_918_MCAV,UML_NARWHAL_R9_B54,,,
710,032026,3/17/26,COL,SAN,PUNTAPADI,2,92,919,DLAB,Core_RNAlater,Healthy,,10:47,11:30,,032026_COL_SAN_T2_919_DLAB,UML_NARWHAL_R9_B54,,,
711,032026,3/17/26,COL,SAN,PUNTAPADI,2,53,920,OANN,Core_RNAlater,Healthy,,10:53,11:31,,032026_COL_SAN_T2_920_OANN,UML_NARWHAL_R9_B54,,,
712,032026,3/17/26,COL,SAN,PUNTAPADI,2,44,921,MCAV,Core_RNAlater,Healthy,,10:59,11:31,,032026_COL_SAN_T2_921_MCAV,UML_NARWHAL_R9_B54,,,
713,032026,3/17/26,COL,SAN,PUNTAPADI,2,55,939,ORBI,Core_RNAlater,Healthy,,12:38,12:55,,032026_COL_SAN_T2_939_ORBI,UML_NARWHAL_R9_B54,,,
714,032026,3/17/26,COL,SAN,ROCOSA,3,20,1074,OFAV,Core_RNAlater,Healthy,Pro_H_control5d,14:33,15:25,,032026_COL_SAN_T3_1074_OFAV,UML_NARWHAL_R9_B53,,,
715,032026,3/17/26,COL,SAN,ROCOSA,3,21,1072,OANN,Core_RNAlater,Healthy,Pro_H_treated5d,14:23,15:25,,032026_COL_SAN_T3_1072_OANN,UML_NARWHAL_R9_B53,,,
716,032026,3/17/26,COL,SAN,ROCOSA,3,22,1068,OANN,Core_RNAlater,Diseased_Tissue,Pro_H_control5d,14:50,15:23,lesion 5%,032026_COL_SAN_T3_1068_OANN,UML_NARWHAL_R9_B53,,,
717,032026,3/17/26,COL,SAN,ROCOSA,3,22,1069,OANN,Core_RNAlater,Diseased_Margin,Pro_H_control5d,14:50,15:23,,032026_COL_SAN_T3_1069_OANN,UML_NARWHAL_R9_B53,,,
718,032026,3/17/26,COL,SAN,ROCOSA,3,23,1073,OFAV,Core_RNAlater,Healthy,Pro_H_treated5d,14:39,15:27,,032026_COL_SAN_T3_1073_OFAV,UML_NARWHAL_R9_B53,,,
719,032026,3/17/26,COL,SAN,ROCOSA,3,19,1071,OANN,Core_RNAlater,Healthy,Pro_H_control5d,14:15,15:25,,032026_COL_SAN_T3_1071_OANN,UML_NARWHAL_R9_B53,,,
720,032026,3/17/26,COL,SAN,ROCOSA,3,18,1070,OANN,Core_RNAlater,Healthy,Pro_H_treated5d,14:08,15:25,,032026_COL_SAN_T3_1070_OANN,UML_NARWHAL_R9_B53,,,
721,032026,3/17/26,COL,SAN,ROCOSA,3,1,1058,OFRA,Core_RNAlater,Diseased_Tissue,Pro_D_treated5h,14:04,15:16,,032026_COL_SAN_T3_1058_OFRA,UML_NARWHAL_R9_B53,,,
722,032026,3/17/26,COL,SAN,ROCOSA,3,1,1059,OFRA,Core_RNAlater,Diseased_Margin,Pro_D_treated5h,14:04,15:16,,032026_COL_SAN_T3_1059_OFRA,UML_NARWHAL_R9_B53,,,
723,032026,3/17/26,COL,SAN,ROCOSA,3,10,1060,OANN,Core_RNAlater,Diseased_Tissue,Pro_D_treated5d,14:04,15:17,,032026_COL_SAN_T3_1060_OANN,UML_NARWHAL_R9_B53,,,
724,032026,3/17/26,COL,SAN,ROCOSA,3,10,1061,OANN,Core_RNAlater,Diseased_Margin,Pro_D_treated5d,14:15,15:17,,032026_COL_SAN_T3_1061_OANN,UML_NARWHAL_R9_B53,,,
725,032026,3/17/26,COL,SAN,ROCOSA,3,9,1062,OFAV,Core_RNAlater,Diseased_Tissue,Pro_D_control5d,14:17,15:18,,032026_COL_SAN_T3_1062_OFAV,UML_NARWHAL_R9_B53,,,
726,032026,3/17/26,COL,SAN,ROCOSA,3,9,1063,OFAV,Core_RNAlater,Diseased_Margin,Pro_D_control5d,14:17,15:18,,032026_COL_SAN_T3_1063_OFAV,UML_NARWHAL_R9_B53,,,
727,032026,3/17/26,COL,SAN,ROCOSA,3,2,1064,OFRA,Core_RNAlater,Diseased_Tissue,Pro_D_control5d,14:24,15:19,,032026_COL_SAN_T3_1064_OFRA,UML_NARWHAL_R9_B53,,,
728,032026,3/17/26,COL,SAN,ROCOSA,3,2,1065,OFRA,Core_RNAlater,Diseased_Margin,Pro_D_control5d,14:24,15:19,,032026_COL_SAN_T3_1065_OFRA,UML_NARWHAL_R9_B53,,,
729,032026,3/17/26,COL,SAN,ROCOSA,3,45,1066,OFAV,Core_RNAlater,Diseased_Tissue,Pro_D_control5d,14:25,15:20,,032026_COL_SAN_T3_1066_OFAV,UML_NARWHAL_R9_B53,,,
730,032026,3/17/26,COL,SAN,ROCOSA,3,45,1067,OFAV,Core_RNAlater,Diseased_Margin,Pro_D_control5d,14:25,15:20,,032026_COL_SAN_T3_1067_OFAV,UML_NARWHAL_R9_B53,,,
731,032026,3/17/26,COL,SAN,ROCOSA,3,17,1057,OFAV,Core_RNAlater,Healthy,,,15:15,,032026_COL_SAN_T3_1057_OFAV,UML_NARWHAL_R9_B53,,,
732,032026,3/17/26,COL,SAN,ROCOSA,3,64,1088,OFAV,Core_RNAlater,Pale,Pro_H_treated5d,14:30,15:14,,032026_COL_SAN_T3_1088_OFAV,UML_NARWHAL_R9_B53,,,
733,032026,3/17/26,COL,SAN,ROCOSA,3,63,1086,OFAV,Core_RNAlater,Healthy,Pro_H_treated5d,14:18,15:37,,032026_COL_SAN_T3_1086_OFAV,UML_NARWHAL_R9_B53,,,
734,032026,3/17/26,COL,SAN,ROCOSA,3,62,1085,OFAV,Core_RNAlater,Healthy,Pro_H_control5d,14:15,15:37,,032026_COL_SAN_T3_1085_OFAV,UML_NARWHAL_R9_B53,,,
735,032026,3/17/26,COL,SAN,ROCOSA,3,58,1087,OFAV,Core_RNAlater,Healthy,Pro_H_control5d,14:24,15:38,,032026_COL_SAN_T3_1087_OFAV,UML_NARWHAL_R9_B53,,,
736,032026,3/17/26,COL,SAN,ROCOSA,3,13,1077,OANN,Core_RNAlater,Diseased_Margin,Pro_D_control5d,14:23,15:30,,032026_COL_SAN_T3_1077_OANN,UML_NARWHAL_R9_B53,,,
737,032026,3/17/26,COL,SAN,ROCOSA,3,13,1078,OANN,Core_RNAlater,Diseased_Tissue,Pro_D_control5d,14:25,15:30,,032026_COL_SAN_T3_1078_OANN,UML_NARWHAL_R9_B53,,,
738,032026,3/17/26,COL,SAN,ROCOSA,3,14,1075,OFAV,Core_RNAlater,Diseased_Margin,Pro_D_treated5d,14:12,15:28,,032026_COL_SAN_T3_1075_OFAV,UML_NARWHAL_R9_B53,,,
739,032026,3/17/26,COL,SAN,ROCOSA,3,14,1076,OFAV,Core_RNAlater,Diseased_Tissue,Pro_D_treated5d,14:15,15:28,,032026_COL_SAN_T3_1076_OFAV,UML_NARWHAL_R9_B53,,,
740,032026,3/17/26,COL,SAN,ROCOSA,3,12,1079,OFAV,Core_RNAlater,Diseased_Tissue,Pro_D_treated5d,14:36,15:31,,032026_COL_SAN_T3_1079_OFAV,UML_NARWHAL_R9_B53,,,
741,032026,3/17/26,COL,SAN,ROCOSA,3,12,1080,OFAV,Core_RNAlater,Diseased_Margin,Pro_D_treated5d,14:41,15:31,,032026_COL_SAN_T3_1080_OFAV,UML_NARWHAL_R9_B53,,,
742,032026,3/17/26,COL,SAN,ROCOSA,3,11,1081,OFRA,Core_RNAlater,Diseased_Margin,Pro_D_control5d,14:46,15:32,,032026_COL_SAN_T3_1081_OFRA,UML_NARWHAL_R9_B53,,,
743,032026,3/17/26,COL,SAN,ROCOSA,3,11,1082,OFRA,Core_RNAlater,Diseased_Tissue,Pro_D_control5d,14:49,15:33,,032026_COL_SAN_T3_1082_OFRA,UML_NARWHAL_R9_B53,,,
744,032026,3/17/26,COL,SAN,ROCOSA,3,4,1083,OANN,Core_RNAlater,Diseased_Margin,Pro_D_treated5d,14:57,15:34,small sample,032026_COL_SAN_T3_1083_OANN,UML_NARWHAL_R9_B53,,,
745,032026,3/17/26,COL,SAN,ROCOSA,3,4,1084,OANN,Core_RNAlater,Diseased_Tissue,Pro_D_treated5d,15:01,15:35,,032026_COL_SAN_T3_1084_OANN,UML_NARWHAL_R9_B53,,,
746,032026,3/19/26,COL,SAN,NIRVANA,1,64,849,MCAV,Core_RNAlater,Healthy,,11:15,12:23,,032026_COL_SAN_T1_849_MCAV,UML_NARWHAL_R9_B54,,,
747,032026,3/19/26,COL,SAN,NIRVANA,1,65,850,MCAV,Core_RNAlater,Healthy,,11:22,12:23,,032026_COL_SAN_T1_850_MCAV,UML_NARWHAL_R9_B54,,,
748,032026,3/19/26,COL,SAN,NIRVANA,1,23,851,OFRA,Core_RNAlater,Healthy,,11:35,12:23,,032026_COL_SAN_T1_851_OFRA,UML_NARWHAL_R9_B54,,,
749,032026,3/19/26,COL,SAN,NIRVANA,1,49,852,DLAB,Core_RNAlater,Healthy,,11:41,12:24,,032026_COL_SAN_T1_852_DLAB,UML_NARWHAL_R9_B54,,,
750,032026,3/19/26,COL,SAN,NIRVANA,1,50,853,DLAB,Core_RNAlater,Healthy,,11:49,12:24,,032026_COL_SAN_T1_853_DLAB,UML_NARWHAL_R9_B54,,,
751,032026,3/19/26,COL,SAN,NIRVANA,1,66,854,MCAV,Core_RNAlater,Healthy,,12:01,12:24,,032026_COL_SAN_T1_854_MCAV,UML_NARWHAL_R9_B54,,,
752,032026,3/19/26,COL,SAN,NIRVANA,1,51,835,PSTR,Core_RNAlater,Healthy,,11:20,12:07,,032026_COL_SAN_T1_835_PSTR,UML_NARWHAL_R9_B54,,,
753,032026,3/19/26,COL,SAN,NIRVANA,1,20,836,OFAV,Core_RNAlater,Healthy,,11:30,12:07,,032026_COL_SAN_T1_836_OFAV,UML_NARWHAL_R9_B54,,,
754,032026,3/19/26,COL,SAN,NIRVANA,1,61,837,MCAV,Core_RNAlater,Healthy,,11:25,12:07,,032026_COL_SAN_T1_837_MCAV,UML_NARWHAL_R9_B54,,,
755,032026,3/19/26,COL,SAN,NIRVANA,1,56,838,DLAB,Core_RNAlater,Healthy,,11:40,12:08,,032026_COL_SAN_T1_838_DLAB,UML_NARWHAL_R9_B54,,,
756,032026,3/19/26,COL,SAN,NIRVANA,1,67,839,MCAV,Core_RNAlater,Healthy,,11:42,12:08,,032026_COL_SAN_T1_839_MCAV,UML_NARWHAL_R9_B54,,,
757,032026,3/19/26,COL,SAN,NIRVANA,1,16,840,OFAV,Core_RNAlater,Healthy,,11:45,12:09,,032026_COL_SAN_T1_840_OFAV,UML_NARWHAL_R9_B54,,,
758,032026,3/19/26,COL,SAN,NIRVANA,1,70,841,MCAV,Core_RNAlater,Healthy,,11:47,12:09,,032026_COL_SAN_T1_841_MCAV,UML_NARWHAL_R9_B54,,,
759,032026,3/19/26,COL,SAN,NIRVANA,1,69,860,MCAV,Core_RNAlater,Healthy,,12:50,13:09,,032026_COL_SAN_T1_860_MCAV,UML_NARWHAL_R9_B54,,,
760,032026,3/19/26,COL,SAN,NIRVANA,1,53,855,DLAB,Core_RNAlater,Healthy,,11:11,12:25,,032026_COL_SAN_T1_855_DLAB,UML_NARWHAL_R9_B54,,,
761,032026,3/19/26,COL,SAN,NIRVANA,1,52,856,DLAB,Core_RNAlater,Healthy,,11:18,12:26,,032026_COL_SAN_T1_856_DLAB,UML_NARWHAL_R9_B54,,,
762,032026,3/19/26,COL,SAN,NIRVANA,1,68,857,MCAV,Core_RNAlater,Healthy,,11:24,12:26,,032026_COL_SAN_T1_857_MCAV,UML_NARWHAL_R9_B54,,,
763,032026,3/19/26,COL,SAN,NIRVANA,1,24,858,OFAV,Core_RNAlater,Healthy,,11:31,12:27,,032026_COL_SAN_T1_858_OFAV,UML_NARWHAL_R9_B54,,,
764,032026,3/19/26,COL,SAN,NIRVANA,1,21,859,OFAV,Core_RNAlater,Healthy,,11:47,12:27,,032026_COL_SAN_T1_859_OFAV,UML_NARWHAL_R9_B54,,,
765,032026,3/19/26,COL,SAN,NIRVANA,1,71,842,DLAB,Core_RNAlater,Healthy,,11:10,12:17,,032026_COL_SAN_T1_842_DLAB,UML_NARWHAL_R9_B54,,,
766,032026,3/19/26,COL,SAN,NIRVANA,1,30,843,DLAB,Core_RNAlater,Healthy,,11:18,12:18,,032026_COL_SAN_T1_843_DLAB,UML_NARWHAL_R9_B54,,,
767,032026,3/19/26,COL,SAN,NIRVANA,1,63,844,MCAV,Core_RNAlater,"Healthy,DC",,11:19,12:18,DC 5%,032026_COL_SAN_T1_844_MCAV,UML_NARWHAL_R9_B54,,,
768,032026,3/19/26,COL,SAN,NIRVANA,1,62,845,MCAV,Core_RNAlater,Healthy,,11:30,12:18,,032026_COL_SAN_T1_845_MCAV,UML_NARWHAL_R9_B54,,,
769,032026,3/19/26,COL,SAN,NIRVANA,1,72,846,MCAV,Core_RNAlater,Healthy,,11:49,12:19,,032026_COL_SAN_T1_846_MCAV,UML_NARWHAL_R9_B54,,,
770,032026,3/19/26,COL,SAN,NIRVANA,1,73,847,DLAB,Core_RNAlater,Healthy,,11:50,12:20,,032026_COL_SAN_T1_847_DLAB,UML_NARWHAL_R9_B54,,,
771,032026,3/19/26,COL,SAN,NIRVANA,1,31,848,DLAB,Core_RNAlater,Healthy,,12:04,12:20,,032026_COL_SAN_T1_848_DLAB,UML_NARWHAL_R9_B54,,,
772,032026,3/19/26,COL,SAN,ELARBOL,5,32,1546,OFAV,Core_RNAlater,Healthy,Pro_H_control5d,15:54,16:35,,032026_COL_SAN_T5_1546_OFAV,UML_NARWHAL_R9_B55,,,
773,032026,3/19/26,COL,SAN,ELARBOL,5,31,1547,OFAV,Core_RNAlater,Healthy,Pro_H_treated5d,15:55,16:35,,032026_COL_SAN_T5_1547_OFAV,UML_NARWHAL_R9_B55,,,
774,032026,3/19/26,COL,SAN,ELARBOL,5,19,1571,OFAV,Core_RNAlater,Diseased_Tissue,Pro_D_control5d,15:40,16:51,,032026_COL_SAN_T5_1571_OFAV,UML_NARWHAL_R9_B55,,,
775,032026,3/19/26,COL,SAN,ELARBOL,5,19,1572,OFAV,Core_RNAlater,Diseased_Margin,Pro_D_control5d,15:42,16:51,,032026_COL_SAN_T5_1572_OFAV,UML_NARWHAL_R9_B55,,,
776,032026,3/19/26,COL,SAN,ELARBOL,5,21,1565,OFAV,Core_RNAlater,Healthy,Pro_H_treated5d,15:54,16:50,,032026_COL_SAN_T5_1565_OFAV,UML_NARWHAL_R9_B55,,,
776,032026,3/14/26,COL,SAN,ELARBOL,5,21,1530,OFAV,Core_RNAlater,Healthy,Pro_H_treated2h,12:18,16:09,,032026_COL_SAN_T5_1530_OFAV,UML_NARWHAL_R9_B55,,,
777,032026,3/19/26,COL,SAN,ELARBOL,5,22,1564,OFAV,Core_RNAlater,Healthy,Pro_H_control5d,15:49,16:49,,032026_COL_SAN_T5_1564_OFAV,UML_NARWHAL_R9_B55,,,
777,032026,3/14/26,COL,SAN,ELARBOL,5,28,1507,OFAV,Core_RNAlater,Healthy,,11:10,11:25,,032026_COL_SAN_T5_1507_OFAV,UML_NARWHAL_R9_B55,,,
778,032026,3/19/26,COL,SAN,ELARBOL,5,23,1566,OFAV,Core_RNAlater,Healthy,Pro_H_control5d,16:04,16:52,small lesion probably animal bite,032026_COL_SAN_T5_1566_OFAV,UML_NARWHAL_R9_B55,,,
779,032026,3/19/26,COL,SAN,ELARBOL,5,24,1568,OFAV,Core_RNAlater,Diseased_Tissue,Pro_D_treated5d,16:08,16:49,,032026_COL_SAN_T5_1568_OFAV,UML_NARWHAL_R9_B55,,,
780,032026,3/19/26,COL,SAN,ELARBOL,5,24,1569,OFAV,Core_RNAlater,Diseased_Margin,Pro_D_treated5d,16:09,16:49,,032026_COL_SAN_T5_1569_OFAV,UML_NARWHAL_R9_B55,,,
781,032026,3/19/26,COL,SAN,ELARBOL,5,29,1567,OFAV,Core_RNAlater,Healthy,Pro_H_control5d,16:16,16:50,,032026_COL_SAN_T5_1567_OFAV,UML_NARWHAL_R9_B55,,,
782,032026,3/19/26,COL,SAN,ELARBOL,5,34,1550,OFRA,Core_RNAlater,Diseased_Tissue,Pro_D_control5d,15:58,16:35,,032026_COL_SAN_T5_1550_OFRA,UML_NARWHAL_R9_B55,,,
783,032026,3/19/26,COL,SAN,ELARBOL,5,34,1551,OFRA,Core_RNAlater,Diseased_Margin,Pro_D_control5d,15:58,16:36,,032026_COL_SAN_T5_1551_OFRA,UML_NARWHAL_R9_B55,,,
784,032026,3/19/26,COL,SAN,ELARBOL,5,43,1549,OFRA,Core_RNAlater,Healthy,Pro_H_treated5d,16:14,16:37,,032026_COL_SAN_T5_1549_OFRA,UML_NARWHAL_R9_B55,,,
785,032026,3/19/26,COL,SAN,ELARBOL,5,44,1548,OFAV,Core_RNAlater,Healthy,Pro_H_control5d,16:05,16:36,,032026_COL_SAN_T5_1548_OFAV,UML_NARWHAL_R9_B55,,,
786,032026,3/19/26,COL,SAN,ELARBOL,5,92,1552,OFRA,Core_RNAlater,Diseased_Tissue,Pro_D_control5d,16:16,16:40,,032026_COL_SAN_T5_1552_OFRA,UML_NARWHAL_R9_B55,,,
787,032026,3/19/26,COL,SAN,ELARBOL,5,92,1553,OFRA,Core_RNAlater,Diseased_Margin,Pro_D_control5d,16:16,16:40,,032026_COL_SAN_T5_1553_OFRA,UML_NARWHAL_R9_B55,,,
788,032026,3/19/26,COL,SAN,ELARBOL,5,90,1554,OANN,Core_RNAlater,Diseased_Tissue,Pro_D_control5d,15:35,16:41,,032026_COL_SAN_T5_1554_OANN,UML_NARWHAL_R9_B55,,,
789,032026,3/19/26,COL,SAN,ELARBOL,5,90,1560,OANN,Core_RNAlater,Diseased_Margin,Pro_D_control5d,15:36,16:46,"check during inventory: sample lost, resampled and in tube 1562",032026_COL_SAN_T5_1560_OANN,UML_NARWHAL_R9_B55,,,
790,032026,3/19/26,COL,SAN,ELARBOL,5,33,1556,ORBI,Core_RNAlater,Healthy,Pro_H_treated5d,16:11,16:43,,032026_COL_SAN_T5_1556_ORBI,UML_NARWHAL_R9_B55,,,
791,032026,3/19/26,COL,SAN,ELARBOL,5,91,1555,ORBI,Core_RNAlater,Diseased_Margin,Pro_D_treated5d,15:55,16:43,missing diseased margin sample,032026_COL_SAN_T5_1555_ORBI,UML_NARWHAL_R9_B55,,,
792,032026,3/19/26,COL,SAN,ELARBOL,5,90,1562,ORBI,Core_RNAlater,Diseased_Margin,Pro_D_control5d,15:55,16:47,,032026_COL_SAN_T5_1562_ORBI,UML_NARWHAL_R9_B55,,,
793,032026,3/19/26,COL,SAN,ELARBOL,5,35,1558,OFAV,Core_RNAlater,Diseased_Tissue,Pro_D_treated5d,16:06,16:45,,032026_COL_SAN_T5_1558_OFAV,UML_NARWHAL_R9_B55,,,
794,032026,3/19/26,COL,SAN,ELARBOL,5,35,1563,OFAV,Core_RNAlater,Diseased_Margin,Pro_D_treated5d,16:06,16:47,,032026_COL_SAN_T5_1563_OFAV,UML_NARWHAL_R9_B55,,,
795,032026,3/19/26,COL,SAN,ELARBOL,5,89,1557,OFAV,Core_RNAlater,Diseased_Tissue,Pro_D_treated5d,15:42,16:45,,032026_COL_SAN_T5_1557_OFAV,UML_NARWHAL_R9_B55,,,
796,032026,3/19/26,COL,SAN,ELARBOL,5,89,1561,OFAV,Core_RNAlater,Diseased_Margin,Pro_D_treated5d,15:42,16:47,,032026_COL_SAN_T5_1561_OFAV,UML_NARWHAL_R9_B55,,,
797,032026,3/19/26,COL,SAN,ELARBOL,5,28,1559,OFAV,Core_RNAlater,Healthy,Pro_H_treated5d,16:17,16:45,,032026_COL_SAN_T5_1559_OFAV,UML_NARWHAL_R9_B55,,,